80 0 1
80.1 0 1
80.2 0 1
80.3 0 1
80.4 0 1
80.5 0 1
80.6 0 1
80.7 0 1
80.8 0 1
80.9 0 1
81 0 1
81.1 0 1
81.2 0 1
81.3 0 1
81.4 0 1
81.5 0 1
81.6 0 1
81.7 0 1
81.8 0 1
81.9 0 1
82 0 1
82.1 0 1
82.2 0 1
82.3 0 1
82.4 0 1
82.5 0 1
82.6 0 1
82.7 0 1
82.8 0 1
82.9 0 1
83 0 1
83.1 0 1
83.2 0 1
83.3 0 1
83.4 0 1
83.5 0 1
83.6 0 1
83.7 0 1
83.8 0 1
83.9 0 1
84 0 1
84.1 0 1
84.2 0 1
84.3 0 1
84.4 0 1
84.5 0 1
84.6 0 1
84.7 0 1
84.8 0 1
84.9 0 1
85 0 1
85.1 0 1
85.2 0 1
85.3 0 1
85.4 0 1
85.5 0 1
85.6 0 1
85.7 0 1
85.8 0 1
85.9 0 1
86 0 1
86.1 0 1
86.2 0 1
86.3 0 1
86.4 0 1
86.5 0 1
86.6 0 1
86.7 0 1
86.8 0 1
86.9 0 1
87 0 1
87.1 0 1
87.2 0 1
87.3 0 1
87.4 0 1
87.5 0 1
87.6 0 1
87.7 0 1
87.8 0 1
87.9 0 1
88 0 1
88.1 0 1
88.2 0 1
88.3 0 1
88.4 0 1
88.5 0 1
88.6 0 1
88.7 0 1
88.8 0 1
88.9 0 1
89 0 1
89.1 0 1
89.2 0 1
89.3 0 1
89.4 0 1
89.5 0 1
89.6 0 1
89.7 0 1
89.8 0 1
89.9 0 1
