70 0 1
70.1 0 1
70.2 0 1
70.3 0 1
70.4 0 1
70.5 0 1
70.6 0 1
70.7 0 1
70.8 0 1
70.9 0 1
71 0 1
71.1 0 1
71.2 0 1
71.3 0 1
71.4 0 1
71.5 0 1
71.6 0 1
71.7 0 1
71.8 0 1
71.9 0 1
72 0 1
72.1 0 1
72.2 0 1
72.3 0 1
72.4 0 1
72.5 0 1
72.6 0 1
72.7 0 1
72.8 0 1
72.9 0 1
73 0 1
73.1 0 1
73.2 0 1
73.3 0 1
73.4 0 1
73.5 0 1
73.6 0 1
73.7 0 1
73.8 0 1
73.9 0 1
74 0 1
74.1 0 1
74.2 0 1
74.3 0 1
74.4 0 1
74.5 0 1
74.6 0 1
74.7 0 1
74.8 0 1
74.9 0 1
75 0 1
75.1 0 1
75.2 0 1
75.3 0 1
75.4 0 1
75.5 0 1
75.6 0 1
75.7 0 1
75.8 0 1
75.9 0 1
76 0 1
76.1 0 1
76.2 0 1
76.3 0 1
76.4 0 1
76.5 0 1
76.6 0 1
76.7 0 1
76.8 0 1
76.9 0 1
77 0 1
77.1 0 1
77.2 0 1
77.3 0 1
77.4 0 1
77.5 0 1
77.6 0 1
77.7 0 1
77.8 0 1
77.9 0 1
78 0 1
78.1 0 1
78.2 0 1
78.3 0 1
78.4 0 1
78.5 0 1
78.6 0 1
78.7 0 1
78.8 0 1
78.9 0 1
79 0 1
79.1 0 1
79.2 0 1
79.3 0 1
79.4 0 1
79.5 0 1
79.6 0 1
79.7 0 1
79.8 0 1
79.9 0 1
