0 100 1
0.1 98 1
0.2 97 1
0.3 96 1
0.4 96 1
0.5 93 1
0.6 91 1
0.7 89 1
0.8 88 1
0.9 86 1
1 82 1
1.1 82 1
1.2 82 1
1.3 81 1
1.4 81 1
1.5 81 1
1.6 81 1
1.7 81 1
1.8 79 1
1.9 78 1
2 77 1
2.1 76 1
2.2 76 1
2.3 75 1
2.4 74 1
2.5 73 1
2.6 72 1
2.7 71 1
2.8 70 1
2.9 70 1
3 69 1
3.1 68 1
3.2 68 1
3.3 66 1
3.4 66 1
3.5 66 1
3.6 65 1
3.7 65 1
3.8 65 1
3.9 65 1
4 64 1
4.1 61 1
4.2 60 1
4.3 60 1
4.4 58 1
4.5 58 1
4.6 57 1
4.7 57 1
4.8 57 1
4.9 57 1
5 57 1
5.1 56 1
5.2 55 1
5.3 54 1
5.4 54 1
5.5 53 1
5.6 52 1
5.7 52 1
5.8 52 1
5.9 52 1
6 51 1
6.1 51 1
6.2 51 1
6.3 50 1
6.4 50 1
6.5 50 1
6.6 50 1
6.7 49 1
6.8 49 1
6.9 49 1
7 49 1
7.1 48 1
7.2 47 1
7.3 47 1
7.4 47 1
7.5 45 1
7.6 45 1
7.7 44 1
7.8 44 1
7.9 44 1
8 44 1
8.1 41 1
8.2 41 1
8.3 40 1
8.4 40 1
8.5 40 1
8.6 38 1
8.7 37 1
8.8 37 1
8.9 37 1
9 37 1
9.1 36 1
9.2 35 1
9.3 35 1
9.4 35 1
9.5 35 1
9.6 35 1
9.7 35 1
9.8 35 1
9.9 35 1
