10 35 1
10.1 35 1
10.2 35 1
10.3 34 1
10.4 34 1
10.5 34 1
10.6 34 1
10.7 34 1
10.8 33 1
10.9 33 1
11 33 1
11.1 32 1
11.2 32 1
11.3 31 1
11.4 31 1
11.5 31 1
11.6 31 1
11.7 31 1
11.8 31 1
11.9 30 1
12 30 1
12.1 30 1
12.2 29 1
12.3 29 1
12.4 28 1
12.5 27 1
12.6 26 1
12.7 26 1
12.8 26 1
12.9 26 1
13 26 1
13.1 26 1
13.2 26 1
13.3 26 1
13.4 26 1
13.5 26 1
13.6 26 1
13.7 25 1
13.8 25 1
13.9 25 1
14 25 1
14.1 25 1
14.2 25 1
14.3 24 1
14.4 24 1
14.5 24 1
14.6 24 1
14.7 24 1
14.8 24 1
14.9 24 1
15 23 1
15.1 23 1
15.2 23 1
15.3 23 1
15.4 23 1
15.5 23 1
15.6 22 1
15.7 22 1
15.8 22 1
15.9 22 1
16 22 1
16.1 21 1
16.2 21 1
16.3 20 1
16.4 20 1
16.5 19 1
16.6 19 1
16.7 18 1
16.8 18 1
16.9 18 1
17 18 1
17.1 18 1
17.2 18 1
17.3 16 1
17.4 16 1
17.5 16 1
17.6 16 1
17.7 16 1
17.8 16 1
17.9 16 1
18 16 1
18.1 16 1
18.2 16 1
18.3 16 1
18.4 16 1
18.5 16 1
18.6 16 1
18.7 16 1
18.8 16 1
18.9 16 1
19 16 1
19.1 16 1
19.2 16 1
19.3 16 1
19.4 16 1
19.5 16 1
19.6 16 1
19.7 16 1
19.8 16 1
19.9 16 1
