30 8 1
30.1 8 1
30.2 8 1
30.3 8 1
30.4 8 1
30.5 8 1
30.6 8 1
30.7 8 1
30.8 8 1
30.9 8 1
31 8 1
31.1 8 1
31.2 8 1
31.3 8 1
31.4 8 1
31.5 8 1
31.6 8 1
31.7 8 1
31.8 8 1
31.9 8 1
32 8 1
32.1 8 1
32.2 8 1
32.3 8 1
32.4 8 1
32.5 8 1
32.6 8 1
32.7 8 1
32.8 8 1
32.9 8 1
33 8 1
33.1 8 1
33.2 8 1
33.3 8 1
33.4 8 1
33.5 8 1
33.6 8 1
33.7 8 1
33.8 8 1
33.9 8 1
34 8 1
34.1 8 1
34.2 8 1
34.3 8 1
34.4 8 1
34.5 8 1
34.6 8 1
34.7 8 1
34.8 8 1
34.9 8 1
35 8 1
35.1 8 1
35.2 8 1
35.3 8 1
35.4 8 1
35.5 8 1
35.6 8 1
35.7 8 1
35.8 8 1
35.9 8 1
36 8 1
36.1 8 1
36.2 8 1
36.3 8 1
36.4 8 1
36.5 8 1
36.6 8 1
36.7 7 1
36.8 7 1
36.9 7 1
37 7 1
37.1 7 1
37.2 7 1
37.3 7 1
37.4 7 1
37.5 7 1
37.6 7 1
37.7 7 1
37.8 7 1
37.9 7 1
38 7 1
38.1 7 1
38.2 7 1
38.3 7 1
38.4 7 1
38.5 7 1
38.6 7 1
38.7 7 1
38.8 7 1
38.9 7 1
39 6 1
39.1 6 1
39.2 6 1
39.3 6 1
39.4 6 1
39.5 5 1
39.6 5 1
39.7 5 1
39.8 5 1
39.9 5 1
