50 1 1
50.1 1 1
50.2 1 1
50.3 1 1
50.4 1 1
50.5 1 1
50.6 1 1
50.7 1 1
50.8 1 1
50.9 1 1
51 1 1
51.1 1 1
51.2 1 1
51.3 1 1
51.4 1 1
51.5 1 1
51.6 1 1
51.7 1 1
51.8 1 1
51.9 1 1
52 1 1
52.1 1 1
52.2 0 1
52.3 0 1
52.4 0 1
52.5 0 1
52.6 0 1
52.7 0 1
52.8 0 1
52.9 0 1
53 0 1
53.1 0 1
53.2 0 1
53.3 0 1
53.4 0 1
53.5 0 1
53.6 0 1
53.7 0 1
53.8 0 1
53.9 0 1
54 0 1
54.1 0 1
54.2 0 1
54.3 0 1
54.4 0 1
54.5 0 1
54.6 0 1
54.7 0 1
54.8 0 1
54.9 0 1
55 0 1
55.1 0 1
55.2 0 1
55.3 0 1
55.4 0 1
55.5 0 1
55.6 0 1
55.7 0 1
55.8 0 1
55.9 0 1
56 0 1
56.1 0 1
56.2 0 1
56.3 0 1
56.4 0 1
56.5 0 1
56.6 0 1
56.7 0 1
56.8 0 1
56.9 0 1
57 0 1
57.1 0 1
57.2 0 1
57.3 0 1
57.4 0 1
57.5 0 1
57.6 0 1
57.7 0 1
57.8 0 1
57.9 0 1
58 0 1
58.1 0 1
58.2 0 1
58.3 0 1
58.4 0 1
58.5 0 1
58.6 0 1
58.7 0 1
58.8 0 1
58.9 0 1
59 0 1
59.1 0 1
59.2 0 1
59.3 0 1
59.4 0 1
59.5 0 1
59.6 0 1
59.7 0 1
59.8 0 1
59.9 0 1
