20 16 1
20.1 16 1
20.2 16 1
20.3 16 1
20.4 16 1
20.5 16 1
20.6 16 1
20.7 16 1
20.8 16 1
20.9 16 1
21 16 1
21.1 16 1
21.2 16 1
21.3 16 1
21.4 16 1
21.5 15 1
21.6 15 1
21.7 15 1
21.8 14 1
21.9 14 1
22 14 1
22.1 14 1
22.2 14 1
22.3 14 1
22.4 14 1
22.5 14 1
22.6 14 1
22.7 14 1
22.8 14 1
22.9 14 1
23 14 1
23.1 14 1
23.2 14 1
23.3 14 1
23.4 14 1
23.5 14 1
23.6 14 1
23.7 14 1
23.8 13 1
23.9 12 1
24 12 1
24.1 12 1
24.2 12 1
24.3 12 1
24.4 12 1
24.5 12 1
24.6 12 1
24.7 12 1
24.8 12 1
24.9 12 1
25 12 1
25.1 12 1
25.2 12 1
25.3 12 1
25.4 12 1
25.5 12 1
25.6 11 1
25.7 11 1
25.8 11 1
25.9 10 1
26 10 1
26.1 10 1
26.2 9 1
26.3 9 1
26.4 9 1
26.5 9 1
26.6 9 1
26.7 9 1
26.8 9 1
26.9 9 1
27 9 1
27.1 9 1
27.2 9 1
27.3 9 1
27.4 9 1
27.5 9 1
27.6 9 1
27.7 9 1
27.8 9 1
27.9 9 1
28 9 1
28.1 9 1
28.2 9 1
28.3 9 1
28.4 9 1
28.5 9 1
28.6 9 1
28.7 9 1
28.8 9 1
28.9 9 1
29 9 1
29.1 9 1
29.2 9 1
29.3 9 1
29.4 8 1
29.5 8 1
29.6 8 1
29.7 8 1
29.8 8 1
29.9 8 1
