40 5 1
40.1 5 1
40.2 5 1
40.3 5 1
40.4 5 1
40.5 5 1
40.6 5 1
40.7 5 1
40.8 5 1
40.9 5 1
41 5 1
41.1 5 1
41.2 5 1
41.3 5 1
41.4 5 1
41.5 5 1
41.6 5 1
41.7 5 1
41.8 5 1
41.9 5 1
42 5 1
42.1 5 1
42.2 5 1
42.3 5 1
42.4 5 1
42.5 5 1
42.6 5 1
42.7 5 1
42.8 5 1
42.9 5 1
43 5 1
43.1 5 1
43.2 5 1
43.3 5 1
43.4 5 1
43.5 5 1
43.6 5 1
43.7 5 1
43.8 5 1
43.9 5 1
44 5 1
44.1 5 1
44.2 5 1
44.3 5 1
44.4 5 1
44.5 4 1
44.6 4 1
44.7 4 1
44.8 4 1
44.9 4 1
45 4 1
45.1 4 1
45.2 4 1
45.3 4 1
45.4 4 1
45.5 4 1
45.6 3 1
45.7 3 1
45.8 3 1
45.9 3 1
46 3 1
46.1 3 1
46.2 3 1
46.3 3 1
46.4 3 1
46.5 3 1
46.6 3 1
46.7 3 1
46.8 3 1
46.9 3 1
47 3 1
47.1 2 1
47.2 2 1
47.3 2 1
47.4 2 1
47.5 2 1
47.6 2 1
47.7 2 1
47.8 2 1
47.9 2 1
48 2 1
48.1 2 1
48.2 2 1
48.3 2 1
48.4 2 1
48.5 2 1
48.6 2 1
48.7 2 1
48.8 2 1
48.9 2 1
49 2 1
49.1 1 1
49.2 1 1
49.3 1 1
49.4 1 1
49.5 1 1
49.6 1 1
49.7 1 1
49.8 1 1
49.9 1 1
