60 0 1
60.1 0 1
60.2 0 1
60.3 0 1
60.4 0 1
60.5 0 1
60.6 0 1
60.7 0 1
60.8 0 1
60.9 0 1
61 0 1
61.1 0 1
61.2 0 1
61.3 0 1
61.4 0 1
61.5 0 1
61.6 0 1
61.7 0 1
61.8 0 1
61.9 0 1
62 0 1
62.1 0 1
62.2 0 1
62.3 0 1
62.4 0 1
62.5 0 1
62.6 0 1
62.7 0 1
62.8 0 1
62.9 0 1
63 0 1
63.1 0 1
63.2 0 1
63.3 0 1
63.4 0 1
63.5 0 1
63.6 0 1
63.7 0 1
63.8 0 1
63.9 0 1
64 0 1
64.1 0 1
64.2 0 1
64.3 0 1
64.4 0 1
64.5 0 1
64.6 0 1
64.7 0 1
64.8 0 1
64.9 0 1
65 0 1
65.1 0 1
65.2 0 1
65.3 0 1
65.4 0 1
65.5 0 1
65.6 0 1
65.7 0 1
65.8 0 1
65.9 0 1
66 0 1
66.1 0 1
66.2 0 1
66.3 0 1
66.4 0 1
66.5 0 1
66.6 0 1
66.7 0 1
66.8 0 1
66.9 0 1
67 0 1
67.1 0 1
67.2 0 1
67.3 0 1
67.4 0 1
67.5 0 1
67.6 0 1
67.7 0 1
67.8 0 1
67.9 0 1
68 0 1
68.1 0 1
68.2 0 1
68.3 0 1
68.4 0 1
68.5 0 1
68.6 0 1
68.7 0 1
68.8 0 1
68.9 0 1
69 0 1
69.1 0 1
69.2 0 1
69.3 0 1
69.4 0 1
69.5 0 1
69.6 0 1
69.7 0 1
69.8 0 1
69.9 0 1
