0 1000 0 0 0 0 0 0 0 0 0 0 0 0
0.1 1000 -0.00045528 0 -0.0083808 0.192203 0 -0.00437586 0 0 0 -0.00437586 0 0.786607
0.2 1000 0.00433077 0 -0.0375542 0.388704 0 0.0105064 0 0 0 0.0105064 0 1.57247
0.3 1000 -0.00299288 0 0.0128656 0.590964 0 0.016886 0 0 0 0.016886 0 2.28059
0.4 1000 0.0144259 0 0.00831639 0.773255 0 0.0518502 0 0 0 0.0518502 0 3.11339
0.5 1000 0.0227632 0 -0.0213108 1.00841 0 0.0102786 0 0 0 0.0102786 0 4.01162
0.6 1000 0.0144291 0 -0.0303767 1.23838 0 0.0666337 0 0 0 0.0666337 0 4.8759
0.7 1000 -0.00357778 0 -0.0208862 1.47456 0 -0.0346662 0 0 0 -0.0346662 0 5.63215
0.8 1000 -0.00873889 0 -0.0299039 1.77426 0 -0.00548133 0 0 0 -0.00548133 0 6.29554
0.9 1000 0.00184471 0 -0.0325106 1.89417 0 0.00225265 0 0 0 0.00225265 0 7.01561
1 1000 -0.0039653 0 -0.0221771 1.98593 0 0.0181957 0 0 0 0.0181957 0 7.97133
1.1 1000 -0.00648101 0 0.00129598 2.16583 0 0.0385243 0 0 0 0.0385243 0 8.69292
1.2 1000 -0.00996496 0 -0.0154557 2.34574 0 0.0984053 0 0 0 0.0984053 0 9.63321
1.3 1000 -0.00834748 0 -0.0246257 2.51896 0 0.114014 0 0 0 0.114014 0 10.5675
1.4 1000 -0.00133255 0 -0.0356403 2.73106 0 0.143832 0 0 0 0.143832 0 11.2461
1.5 1000 0.0113895 0 -0.0429773 2.88947 0 0.10112 0 0 0 0.10112 0 11.8071
1.6 1000 0.0250301 0 -0.0442371 3.12465 0 0.123072 0 0 0 0.123072 0 12.5768
1.7 1000 0.0345123 0 -0.0480099 3.30491 0 0.110169 0 0 0 0.110169 0 13.3542
1.8 1000 0.018182 0 -0.0657182 3.53867 0 0.0264546 0 0 0 0.0264546 0 14.3815
1.9 1000 0.0189036 0 -0.0670891 3.76355 0 0.0409897 0 0 0 0.0409897 0 14.9905
2 1000 0.0418716 0 -0.0551472 3.98877 0 0.0494613 0 0 0 0.0494613 0 15.3378
2.1 1000 0.060757 0 -0.0532442 4.09415 0 0.135805 0 0 0 0.135805 0 15.9781
2.2 1000 0.0423908 0 -0.070286 4.25461 0 0.242881 0 0 0 0.242881 0 16.285
2.3 1000 0.0687866 0 -0.137561 4.43281 0 0.188766 0 0 0 0.188766 0 17.3105
2.4 1000 0.0799728 0 -0.123889 4.59603 0 0.188834 0 0 0 0.188834 0 18.1209
2.5 1000 0.0965671 0 -0.17578 4.74443 0 0.173244 0 0 0 0.173244 0 18.6717
2.6 1000 0.121868 0 -0.197124 4.95132 0 0.306665 0 0 0 0.306665 0 19.5472
2.7 1000 0.129558 0 -0.23404 5.09827 0 0.407692 0 0 0 0.407692 0 20.1552
2.8 1000 0.155846 0 -0.245228 5.29781 0 0.433679 0 0 0 0.433679 0 21.0632
2.9 1000 0.164854 0 -0.248411 5.54829 0 0.498725 0 0 0 0.498725 0 21.8493
3 1000 0.150864 0 -0.255601 5.71173 0 0.452711 0 0 0 0.452711 0 22.3103
3.1 1000 0.140986 0 -0.267595 5.92998 0 0.4454 0 0 0 0.4454 0 22.884
3.2 1000 0.104067 0 -0.242672 6.05367 0 0.385539 0 0 0 0.385539 0 23.0948
3.3 1000 0.106635 0 -0.234092 6.3018 0 0.405072 0 0 0 0.405072 0 23.6376
3.4 1000 0.0984351 0 -0.209403 6.63265 0 0.232247 0 0 0 0.232247 0 24.7242
3.5 1000 0.0706557 0 -0.243568 6.83508 0 0.423854 0 0 0 0.423854 0 25.9817
3.6 1000 0.0609117 0 -0.272891 7.13839 0 0.477229 0 0 0 0.477229 0 27.0405
3.7 1000 0.0370129 0 -0.2584 7.36071 0 0.564312 0 0 0 0.564312 0 27.4211
3.8 1000 0.0249249 0 -0.278142 7.56268 0 0.471858 0 0 0 0.471858 0 28.621
3.9 1000 0.0221442 0 -0.233919 7.74683 0 0.674651 0 0 0 0.674651 0 29.4294
4 1000 0.0429408 0 -0.244648 7.85822 0 0.613451 0 0 0 0.613451 0 30.3347
4.1 1000 0.0445976 0 -0.249275 8.00116 0 0.565318 0 0 0 0.565318 0 30.696
4.2 1000 0.0361257 0 -0.248689 8.21029 0 0.653863 0 0 0 0.653863 0 32.0341
4.3 1000 0.0343487 0 -0.228543 8.50106 0 0.744814 0 0 0 0.744814 0 32.553
4.4 1000 0.0240932 0 -0.234531 8.80195 0 0.689681 0 0 0 0.689681 0 33.2564
4.5 1000 0.0126482 0 -0.219884 9.02789 0 0.741611 0 0 0 0.741611 0 34.2049
4.6 1000 -0.0189682 0 -0.196991 9.22605 0 0.785964 0 0 0 0.785964 0 35.065
4.7 1000 -0.00419533 0 -0.175728 9.43815 0 0.87165 0 0 0 0.87165 0 35.9108
4.8 1000 0.00690418 0 -0.163218 9.52007 0 1.10081 0 0 0 1.10081 0 36.6335
4.9 1000 0.00871334 0 -0.169692 9.72856 0 1.25539 0 0 0 1.25539 0 37.0639
5 1000 0.0087542 0 -0.136663 9.92483 0 1.24273 0 0 0 1.24273 0 37.8485
5.1 1000 0.00113394 0 -0.180824 10.1204 0 1.173 0 0 0 1.173 0 39.2038
5.2 1000 -0.0326861 0 -0.163953 10.3557 0 1.16591 0 0 0 1.16591 0 40.1098
5.3 1000 -0.0537914 0 -0.181474 10.4619 0 1.13378 0 0 0 1.13378 0 41.2499
5.4 1000 -0.0675212 0 -0.117192 10.7864 0 1.2039 0 0 0 1.2039 0 42.6327
5.5 1000 -0.055079 0 -0.0727569 10.8987 0 1.27079 0 0 0 1.27079 0 43.6107
5.6 1000 -0.0685971 0 -0.0997418 11.0854 0 1.40965 0 0 0 1.40965 0 44.691
5.7 1000 -0.0812446 0 -0.118195 11.1538 0 1.48146 0 0 0 1.48146 0 45.8707
5.8 1000 -0.0690158 0 -0.161194 11.2572 0 1.21834 0 0 0 1.21834 0 46.2744
5.9 1000 -0.060617 0 -0.189723 11.3443 0 1.11009 0 0 0 1.11009 0 46.8881
6 1000 -0.0451395 0 -0.182127 11.403 0 1.10236 0 0 0 1.10236 0 47.9496
6.1 1000 -0.0404823 0 -0.206043 11.7335 0 1.09112 0 0 0 1.09112 0 49.1903
6.2 1000 -0.0510227 0 -0.186418 11.9596 0 1.07284 0 0 0 1.07284 0 49.7199
6.3 1000 -0.077537 0 -0.134406 12.0324 0 1.15565 0 0 0 1.15565 0 51.1637
6.4 1000 -0.0934141 0 -0.188277 12.2274 0 0.789037 0 0 0 0.789037 0 52.8504
6.5 1000 -0.0871086 0 -0.17009 12.4402 0 0.659004 0 0 0 0.659004 0 53.4202
6.6 1000 -0.0963997 0 -0.141213 12.8186 0 0.769078 0 0 0 0.769078 0 53.9604
6.7 1000 -0.0927663 0 -0.114602 12.9679 0 0.654843 0 0 0 0.654843 0 55.1459
6.8 1000 -0.0960176 0 -0.101176 13.1669 0 0.712581 0 0 0 0.712581 0 56.7795
6.9 1000 -0.0895158 0 -0.167073 13.1166 0 0.553286 0 0 0 0.553286 0 57.1373
7 1000 -0.115454 0 -0.114836 13.4359 0 0.657476 0 0 0 0.657476 0 56.7553
7.1 1000 -0.109578 0 -0.118903 13.4224 0 0.536113 0 0 0 0.536113 0 57.859
7.2 1000 -0.120542 0 -0.145834 13.5895 0 0.505926 0 0 0 0.505926 0 58.4223
7.3 1000 -0.10134 0 -0.137705 13.6862 0 0.676016 0 0 0 0.676016 0 58.7179
7.4 1000 -0.121538 0 -0.123898 13.7837 0 0.708803 0 0 0 0.708803 0 59.6814
7.5 1000 -0.116578 0 -0.133766 13.8179 0 0.494296 0 0 0 0.494296 0 61.0432
7.6 1000 -0.120801 0 -0.0965253 13.9468 0 0.501631 0 0 0 0.501631 0 61.8973
7.7 1000 -0.130618 0 -0.0836173 14.1137 0 0.469238 0 0 0 0.469238 0 63.275
7.8 1000 -0.140144 0 -0.0557016 14.2526 0 0.546738 0 0 0 0.546738 0 64.4471
7.9 1000 -0.143482 0 0.00713064 14.4443 0 0.548882 0 0 0 0.548882 0 65.0294
8 1000 -0.124743 0 0.0401295 14.7871 0 0.491311 0 0 0 0.491311 0 65.2354
8.1 1000 -0.133807 0 0.0790991 14.8392 0 0.369325 0 0 0 0.369325 0 66.2508
8.2 1000 -0.136838 0 0.114366 14.824 0 0.20084 0 0 0 0.20084 0 66.7182
8.3 1000 -0.158093 0 0.0970563 14.7563 0 -0.0289893 0 0 0 -0.0289893 0 68.4525
8.4 1000 -0.149188 0 0.0831818 14.9436 0 0.125137 0 0 0 0.125137 0 68.4476
8.5 1000 -0.15997 0 0.0712462 15.1157 0 0.0337606 0 0 0 0.0337606 0 70.0028
8.6 1000 -0.162769 0 0.0281159 15.4866 0 -0.249798 0 0 0 -0.249798 0 70.4641
8.7 1000 -0.144686 0 0.0453331 15.6359 0 -0.139226 0 0 0 -0.139226 0 71.8247
8.8 1000 -0.147331 0 0.0114102 15.8581 0 -0.00688055 0 0 0 -0.00688055 0 72.3737
8.9 1000 -0.136272 0 0.0355538 16.0734 0 -0.177613 0 0 0 -0.177613 0 73.7212
9 1000 -0.141234 0 0.00861363 16.3741 0 -0.11018 0 0 0 -0.11018 0 75.037
9.1 1000 -0.149633 0 0.00351158 16.7621 0 -0.0612829 0 0 0 -0.0612829 0 76.5559
9.2 1000 -0.164126 0 0.0049252 16.9353 0 -0.00776715 0 0 0 -0.00776715 0 77.8975
9.3 1000 -0.166285 0 0.0030708 17.2074 0 -0.281943 0 0 0 -0.281943 0 78.1209
9.4 1000 -0.14962 0 -0.0270582 17.2809 0 -0.344125 0 0 0 -0.344125 0 78.4785
9.5 1000 -0.139005 0 0.0459948 17.3965 0 -0.348951 0 0 0 -0.348951 0 79.3914
9.6 1000 -0.131451 0 -0.00107706 17.7423 0 -0.501237 0 0 0 -0.501237 0 80.2619
9.7 1000 -0.121271 0 0.0228232 17.9894 0 -0.718831 0 0 0 -0.718831 0 81.4732
9.8 1000 -0.118951 0 0.027631 18.2493 0 -0.862294 0 0 0 -0.862294 0 81.7139
9.9 1000 -0.147324 0 0.0341464 18.3639 0 -0.524196 0 0 0 -0.524196 0 83.1136
10 1000 -0.1739 0 0.0551303 18.5209 0 -0.577059 0 0 0 -0.577059 0 84.1671
10.1 1000 -0.150028 0 0.0276106 18.7647 0 -0.806856 0 0 0 -0.806856 0 84.616
10.2 1000 -0.150389 0 0.0252554 19.0154 0 -1.01466 0 0 0 -1.01466 0 85.2356
10.3 1000 -0.124622 0 -0.00318357 19.2581 0 -0.819649 0 0 0 -0.819649 0 86.2425
10.4 1000 -0.114004 0 -0.0108494 19.4894 0 -0.980742 0 0 0 -0.980742 0 87.9926
10.5 1000 -0.148494 0 -0.0452533 19.5689 0 -0.736228 0 0 0 -0.736228 0 88.0768
10.6 1000 -0.130762 0 -0.0437365 19.8711 0 -0.62084 0 0 0 -0.62084 0 88.3335
10.7 1000 -0.129686 0 -0.0290675 20.0391 0 -0.753519 0 0 0 -0.753519 0 89.5301
10.8 1000 -0.139202 0 -0.02341 20.2442 0 -0.857374 0 0 0 -0.857374 0 91.3179
10.9 1000 -0.127241 0 -0.000921013 20.3769 0 -0.563206 0 0 0 -0.563206 0 92.052
11 1000 -0.107045 0 0.0406509 20.5225 0 -1.10421 0 0 0 -1.10421 0 92.7229
11.1 1000 -0.123985 0 0.0443652 20.7305 0 -1.06968 0 0 0 -1.06968 0 92.9586
11.2 1000 -0.135008 0 0.0782962 21.2854 0 -0.909721 0 0 0 -0.909721 0 93.2966
11.3 1000 -0.126961 0 0.0697345 21.5532 0 -1.06919 0 0 0 -1.06919 0 94.9736
11.4 1000 -0.135595 0 0.0902461 21.5344 0 -1.04797 0 0 0 -1.04797 0 96.3815
11.5 1000 -0.174118 0 0.112728 21.7182 0 -0.999519 0 0 0 -0.999519 0 96.9092
11.6 1000 -0.1588 0 0.119422 21.8171 0 -0.683193 0 0 0 -0.683193 0 97.8718
11.7 1000 -0.167641 0 0.11838 21.8651 0 -0.795999 0 0 0 -0.795999 0 98.7625
11.8 1000 -0.167125 0 0.0995156 22.1721 0 -0.590295 0 0 0 -0.590295 0 98.6942
11.9 1000 -0.160161 0 0.104234 22.5333 0 -0.631725 0 0 0 -0.631725 0 99.6206
12 1000 -0.173721 0 0.0996833 22.7759 0 -0.723472 0 0 0 -0.723472 0 100.276
12.1 1000 -0.168675 0 0.0866442 22.9282 0 -0.378293 0 0 0 -0.378293 0 100.924
12.2 1000 -0.150876 0 0.0831209 23.1729 0 -0.31242 0 0 0 -0.31242 0 102.25
12.3 1000 -0.152069 0 0.0788088 23.5234 0 -0.260809 0 0 0 -0.260809 0 103.382
12.4 1000 -0.165996 0 0.105727 23.9716 0 -0.369464 0 0 0 -0.369464 0 104.347
12.5 1000 -0.145701 0 0.0555994 24.002 0 -0.611223 0 0 0 -0.611223 0 105.703
12.6 1000 -0.173409 0 0.0723976 24.2936 0 -0.577254 0 0 0 -0.577254 0 106.145
12.7 1000 -0.15466 0 0.098216 24.4586 0 -0.126863 0 0 0 -0.126863 0 107.252
12.8 1000 -0.165259 0 0.0969574 24.7449 0 -0.176468 0 0 0 -0.176468 0 107.326
12.9 1000 -0.164596 0 0.0958916 25.2672 0 -0.139624 0 0 0 -0.139624 0 108.468
13 1000 -0.160191 0 0.0890124 25.6043 0 -0.155169 0 0 0 -0.155169 0 108.685
13.1 1000 -0.174039 0 0.120681 25.976 0 -0.288444 0 0 0 -0.288444 0 109.081
13.2 1000 -0.154209 0 0.110138 26.1475 0 -0.22057 0 0 0 -0.22057 0 108.967
13.3 1000 -0.163927 0 0.0959997 26.5712 0 -0.19958 0 0 0 -0.19958 0 110.058
13.4 1000 -0.152881 0 0.106399 26.9109 0 -0.40305 0 0 0 -0.40305 0 110.634
13.5 1000 -0.133009 0 0.0990855 27.0831 0 -0.466774 0 0 0 -0.466774 0 111.97
13.6 1000 -0.135956 0 0.111795 27.2483 0 0.082545 0 0 0 0.082545 0 112.791
13.7 1000 -0.12349 0 0.119871 27.3308 0 0.192287 0 0 0 0.192287 0 114.048
13.8 1000 -0.0961708 0 0.179982 27.3328 0 -0.0741368 0 0 0 -0.0741368 0 115.028
13.9 1000 -0.108854 0 0.192519 27.5107 0 0.175917 0 0 0 0.175917 0 116.79
14 1000 -0.124508 0 0.205361 27.7248 0 0.651542 0 0 0 0.651542 0 117.958
14.1 1000 -0.122413 0 0.218309 27.9322 0 0.840516 0 0 0 0.840516 0 119.056
14.2 1000 -0.126395 0 0.212467 27.9549 0 0.654903 0 0 0 0.654903 0 119.446
14.3 1000 -0.132352 0 0.199428 28.1389 0 0.318732 0 0 0 0.318732 0 119.926
14.4 1000 -0.140414 0 0.172422 28.3575 0 0.645921 0 0 0 0.645921 0 120.033
14.5 1000 -0.147187 0 0.185587 28.6566 0 0.545757 0 0 0 0.545757 0 120.869
14.6 1000 -0.150555 0 0.209139 28.8717 0 0.174268 0 0 0 0.174268 0 122.458
14.7 1000 -0.15768 0 0.207775 28.9084 0 -0.0990435 0 0 0 -0.0990435 0 123.065
14.8 1000 -0.140287 0 0.237955 28.9772 0 -0.0573461 0 0 0 -0.0573461 0 123.457
14.9 1000 -0.130276 0 0.230019 29.2964 0 0.25372 0 0 0 0.25372 0 125.157
15 1000 -0.120135 0 0.20619 29.2628 0 0.261021 0 0 0 0.261021 0 126.956
15.1 1000 -0.110375 0 0.242081 29.3524 0 0.361457 0 0 0 0.361457 0 127.222
15.2 1000 -0.11368 0 0.242279 29.5785 0 0.789189 0 0 0 0.789189 0 127.205
15.3 1000 -0.116066 0 0.271099 29.693 0 0.919644 0 0 0 0.919644 0 128.953
15.4 1000 -0.145439 0 0.249203 29.9171 0 1.1299 0 0 0 1.1299 0 130.258
15.5 1000 -0.145659 0 0.272395 30.1272 0 0.804749 0 0 0 0.804749 0 129.921
15.6 1000 -0.145658 0 0.287682 30.2781 0 0.301135 0 0 0 0.301135 0 130.697
15.7 1000 -0.142811 0 0.313916 30.2883 0 0.289272 0 0 0 0.289272 0 131.144
15.8 1000 -0.137354 0 0.352 30.7293 0 0.10134 0 0 0 0.10134 0 131.815
15.9 1000 -0.116587 0 0.35418 31.0143 0 0.0936849 0 0 0 0.0936849 0 131.742
16 1000 -0.134613 0 0.375847 30.9402 0 0.130967 0 0 0 0.130967 0 131.926
16.1 1000 -0.127741 0 0.393277 31.3302 0 0.273318 0 0 0 0.273318 0 132.768
16.2 1000 -0.125259 0 0.357923 31.4027 0 0.386295 0 0 0 0.386295 0 132.659
16.3 1000 -0.125881 0 0.364448 31.6545 0 0.26206 0 0 0 0.26206 0 133.96
16.4 1000 -0.153192 0 0.361867 31.8073 0 0.343488 0 0 0 0.343488 0 133.983
16.5 1000 -0.175144 0 0.399187 32.0834 0 0.517506 0 0 0 0.517506 0 134.372
16.6 1000 -0.173353 0 0.394288 32.5699 0 0.539581 0 0 0 0.539581 0 135.026
16.7 1000 -0.180289 0 0.385812 33.0216 0 0.47229 0 0 0 0.47229 0 137.069
16.8 1000 -0.175197 0 0.419637 33.2067 0 0.42222 0 0 0 0.42222 0 137.263
16.9 1000 -0.155687 0 0.440328 33.4376 0 0.376482 0 0 0 0.376482 0 138.536
17 1000 -0.163195 0 0.441862 33.9959 0 0.487568 0 0 0 0.487568 0 140.096
17.1 1000 -0.161815 0 0.404145 34.2879 0 0.546353 0 0 0 0.546353 0 140.688
17.2 1000 -0.153591 0 0.370068 34.6957 0 0.850477 0 0 0 0.850477 0 141.891
17.3 1000 -0.135448 0 0.37191 34.9956 0 1.10003 0 0 0 1.10003 0 142.278
17.4 1000 -0.16229 0 0.372441 35.1671 0 0.977697 0 0 0 0.977697 0 143.006
17.5 1000 -0.14322 0 0.409398 35.373 0 0.788357 0 0 0 0.788357 0 143.975
17.6 1000 -0.100553 0 0.365726 35.4921 0 0.881978 0 0 0 0.881978 0 145.05
17.7 1000 -0.111815 0 0.319248 35.9154 0 0.744678 0 0 0 0.744678 0 145.455
17.8 1000 -0.100027 0 0.326386 36.3328 0 0.876909 0 0 0 0.876909 0 145.845
17.9 1000 -0.0904343 0 0.337603 36.5332 0 0.525431 0 0 0 0.525431 0 147.672
18 1000 -0.0683358 0 0.334301 36.7988 0 0.558138 0 0 0 0.558138 0 148.661
18.1 1000 -0.0379381 0 0.320902 36.7898 0 0.723709 0 0 0 0.723709 0 148.951
18.2 1000 -0.0150373 0 0.356184 36.9908 0 1.46753 0 0 0 1.46753 0 148.953
18.3 1000 0.0148785 0 0.356014 37.4598 0 1.37237 0 0 0 1.37237 0 149.548
18.4 1000 0.0237065 0 0.349751 37.8943 0 1.11682 0 0 0 1.11682 0 149.314
18.5 1000 0.0488956 0 0.34729 38.1726 0 1.12098 0 0 0 1.12098 0 151.647
18.6 1000 0.0543666 0 0.370867 38.5516 0 1.08353 0 0 0 1.08353 0 151.778
18.7 1000 0.04609 0 0.375171 39.089 0 0.654992 0 0 0 0.654992 0 152.5
18.8 1000 0.0523247 0 0.371285 39.1153 0 0.609544 0 0 0 0.609544 0 153.412
18.9 1000 0.0686581 0 0.370111 38.9329 0 0.705104 0 0 0 0.705104 0 154.13
19 1000 0.0648657 0 0.364911 39.2998 0 0.504646 0 0 0 0.504646 0 155.84
19.1 1000 0.0616483 0 0.382311 39.5151 0 0.449057 0 0 0 0.449057 0 155.343
19.2 1000 0.0794184 0 0.362427 39.3372 0 0.37518 0 0 0 0.37518 0 156.227
19.3 1000 0.0759709 0 0.354303 39.348 0 0.225968 0 0 0 0.225968 0 157.556
19.4 1000 0.105018 0 0.358153 39.2002 0 0.0200507 0 0 0 0.0200507 0 158.138
19.5 1000 0.104125 0 0.376075 39.1483 0 -0.065321 0 0 0 -0.065321 0 159.066
19.6 1000 0.109674 0 0.400784 39.5564 0 0.050897 0 0 0 0.050897 0 162.286
19.7 1000 0.121385 0 0.408843 39.7528 0 -0.253252 0 0 0 -0.253252 0 162.651
19.8 1000 0.0942196 0 0.425681 39.8773 0 -0.188099 0 0 0 -0.188099 0 163.957
19.9 1000 0.102628 0 0.380157 40.0669 0 -0.00470767 0 0 0 -0.00470767 0 164.609
20 1000 0.105584 0 0.353216 40.2348 0 0.274176 0 0 0 0.274176 0 166.02
20.1 1000 0.111318 0 0.38739 40.4347 0 0.311997 0 0 0 0.311997 0 165.839
20.2 1000 0.117884 0 0.418087 40.9808 0 0.104218 0 0 0 0.104218 0 165.239
20.3 1000 0.114396 0 0.436799 40.9216 0 -0.469038 0 0 0 -0.469038 0 164.469
20.4 1000 0.123853 0 0.483912 40.9902 0 -0.280373 0 0 0 -0.280373 0 166.826
20.5 1000 0.11601 0 0.524599 41.2481 0 -0.42946 0 0 0 -0.42946 0 167.154
20.6 1000 0.124066 0 0.477117 41.3524 0 -0.261452 0 0 0 -0.261452 0 168.284
20.7 1000 0.131493 0 0.486967 41.6563 0 -0.449718 0 0 0 -0.449718 0 169.438
20.8 1000 0.134149 0 0.454042 41.7445 0 -0.316773 0 0 0 -0.316773 0 169.739
20.9 1000 0.134388 0 0.461696 42.0071 0 -0.157783 0 0 0 -0.157783 0 170.449
21 1000 0.160682 0 0.505002 42.4128 0 0.256036 0 0 0 0.256036 0 171.163
21.1 1000 0.171509 0 0.491633 42.705 0 0.392217 0 0 0 0.392217 0 170.85
21.2 1000 0.16728 0 0.480666 42.7076 0 0.199364 0 0 0 0.199364 0 171.684
21.3 1000 0.160507 0 0.473837 42.8587 0 0.287003 0 0 0 0.287003 0 172.699
21.4 1000 0.160091 0 0.466985 43.2313 0 0.0223989 0 0 0 0.0223989 0 172.77
21.5 1000 0.169282 0 0.461244 43.4497 0 -0.0184524 0 0 0 -0.0184524 0 173.053
21.6 1000 0.180989 0 0.40633 43.515 0 -0.140646 0 0 0 -0.140646 0 174.226
21.7 1000 0.190541 0 0.41357 43.6742 0 -0.112913 0 0 0 -0.112913 0 174.345
21.8 1000 0.210815 0 0.447053 43.6277 0 -0.196264 0 0 0 -0.196264 0 175.087
21.9 1000 0.205828 0 0.41518 43.987 0 -0.600592 0 0 0 -0.600592 0 175.632
22 1000 0.203598 0 0.412915 44.2342 0 -0.793262 0 0 0 -0.793262 0 176.208
22.1 1000 0.224536 0 0.411102 44.3583 0 -0.960325 0 0 0 -0.960325 0 177.818
22.2 1000 0.207469 0 0.427823 44.7837 0 -1.0803 0 0 0 -1.0803 0 179.239
22.3 1000 0.216812 0 0.448363 45.0998 0 -1.0996 0 0 0 -1.0996 0 180.917
22.4 1000 0.246412 0 0.462318 45.169 0 -1.41946 0 0 0 -1.41946 0 181.626
22.5 1000 0.24657 0 0.460727 45.3155 0 -1.07829 0 0 0 -1.07829 0 180.308
22.6 1000 0.268074 0 0.476805 45.6922 0 -1.16772 0 0 0 -1.16772 0 181.272
22.7 1000 0.2498 0 0.468345 45.8544 0 -0.792287 0 0 0 -0.792287 0 181.448
22.8 1000 0.23858 0 0.488374 46.3298 0 -0.752775 0 0 0 -0.752775 0 181.632
22.9 1000 0.241989 0 0.485048 46.3917 0 -0.717333 0 0 0 -0.717333 0 182.989
23 1000 0.237747 0 0.492542 46.7315 0 -0.329816 0 0 0 -0.329816 0 182.651
23.1 1000 0.246732 0 0.464585 46.8824 0 -0.292872 0 0 0 -0.292872 0 182.564
23.2 1000 0.272819 0 0.450992 47.275 0 -0.581299 0 0 0 -0.581299 0 183.042
23.3 1000 0.287098 0 0.404455 47.5767 0 -0.641207 0 0 0 -0.641207 0 184.034
23.4 1000 0.272038 0 0.412185 47.9318 0 -0.514569 0 0 0 -0.514569 0 184.687
23.5 1000 0.276786 0 0.465664 48.2491 0 -0.302505 0 0 0 -0.302505 0 185.164
23.6 1000 0.268013 0 0.451958 48.6674 0 -0.423861 0 0 0 -0.423861 0 185.766
23.7 1000 0.241556 0 0.471755 48.7064 0 -0.998053 0 0 0 -0.998053 0 186.503
23.8 1000 0.224723 0 0.47965 48.8166 0 -0.716461 0 0 0 -0.716461 0 187.951
23.9 1000 0.251541 0 0.522428 49.1782 0 -1.21999 0 0 0 -1.21999 0 187.128
24 1000 0.257201 0 0.497574 48.9805 0 -0.730425 0 0 0 -0.730425 0 189.822
24.1 1000 0.268335 0 0.489817 49.3363 0 -0.456874 0 0 0 -0.456874 0 191.199
24.2 1000 0.274771 0 0.503066 49.4936 0 -0.500669 0 0 0 -0.500669 0 192.682
24.3 1000 0.29565 0 0.536756 49.9785 0 -0.224756 0 0 0 -0.224756 0 193.902
24.4 1000 0.285224 0 0.550323 50.3204 0 -0.523833 0 0 0 -0.523833 0 194.402
24.5 1000 0.278121 0 0.559132 50.5044 0 -1.10277 0 0 0 -1.10277 0 196.186
24.6 1000 0.258325 0 0.536075 50.5476 0 -1.4539 0 0 0 -1.4539 0 196.977
24.7 1000 0.275195 0 0.506264 50.765 0 -1.45914 0 0 0 -1.45914 0 197.497
24.8 1000 0.269889 0 0.540751 51.0918 0 -1.41524 0 0 0 -1.41524 0 198.465
24.9 1000 0.247372 0 0.528311 51.6081 0 -1.33113 0 0 0 -1.33113 0 199.241
25 1000 0.233958 0 0.465709 51.999 0 -0.993884 0 0 0 -0.993884 0 200.474
25.1 1000 0.208819 0 0.428691 52.5867 0 -1.17704 0 0 0 -1.17704 0 201.7
25.2 1000 0.196471 0 0.429254 52.9924 0 -1.03778 0 0 0 -1.03778 0 202.564
25.3 1000 0.211412 0 0.511036 53.0613 0 -1.30921 0 0 0 -1.30921 0 203.397
25.4 1000 0.233745 0 0.513699 53.1065 0 -0.907291 0 0 0 -0.907291 0 204.95
25.5 1000 0.258292 0 0.562403 53.4431 0 -1.29103 0 0 0 -1.29103 0 206.521
25.6 1000 0.250888 0 0.590191 53.4495 0 -0.993694 0 0 0 -0.993694 0 206.681
25.7 1000 0.28844 0 0.631604 53.7038 0 -0.952534 0 0 0 -0.952534 0 207.313
25.8 1000 0.258036 0 0.606115 53.6898 0 -0.763244 0 0 0 -0.763244 0 208.146
25.9 1000 0.252479 0 0.609069 53.677 0 -0.216908 0 0 0 -0.216908 0 209.238
26 1000 0.239455 0 0.571059 53.9702 0 -0.550419 0 0 0 -0.550419 0 208.802
26.1 1000 0.240042 0 0.576072 53.6388 0 -0.218138 0 0 0 -0.218138 0 209.942
26.2 1000 0.249043 0 0.564079 53.3817 0 0.167383 0 0 0 0.167383 0 209.809
26.3 1000 0.247489 0 0.57577 53.4059 0 -0.0417983 0 0 0 -0.0417983 0 210.714
26.4 1000 0.243183 0 0.567106 53.3637 0 -0.415139 0 0 0 -0.415139 0 211.161
26.5 1000 0.225136 0 0.609992 53.2452 0 -0.439342 0 0 0 -0.439342 0 211.572
26.6 1000 0.193939 0 0.650499 53.1175 0 0.0728974 0 0 0 0.0728974 0 212.739
26.7 1000 0.190112 0 0.654393 53.1402 0 0.279438 0 0 0 0.279438 0 214.375
26.8 1000 0.179158 0 0.6345 53.4642 0 -0.00379601 0 0 0 -0.00379601 0 214.584
26.9 1000 0.172314 0 0.694767 53.4096 0 0.361692 0 0 0 0.361692 0 214.958
27 1000 0.196445 0 0.673072 53.4422 0 0.729177 0 0 0 0.729177 0 215.635
27.1 1000 0.192003 0 0.699915 53.5565 0 0.540594 0 0 0 0.540594 0 215.928
27.2 1000 0.167787 0 0.699193 53.8797 0 0.875225 0 0 0 0.875225 0 216.599
27.3 1000 0.176965 0 0.737943 53.9048 0 0.728109 0 0 0 0.728109 0 217.72
27.4 1000 0.190313 0 0.717949 54.3446 0 0.811681 0 0 0 0.811681 0 218.48
27.5 1000 0.199194 0 0.72182 54.7493 0 1.12479 0 0 0 1.12479 0 218.618
27.6 1000 0.19014 0 0.705711 54.7263 0 1.32554 0 0 0 1.32554 0 218.942
27.7 1000 0.195875 0 0.727579 55.3647 0 1.61667 0 0 0 1.61667 0 219.979
27.8 1000 0.236775 0 0.723961 55.7194 0 1.15786 0 0 0 1.15786 0 219.341
27.9 1000 0.234824 0 0.702283 56.385 0 1.00873 0 0 0 1.00873 0 219.466
28 1000 0.251645 0 0.683163 56.4038 0 0.380651 0 0 0 0.380651 0 220.139
28.1 1000 0.25875 0 0.659365 56.8277 0 0.369281 0 0 0 0.369281 0 220.666
28.2 1000 0.238484 0 0.641449 57.0849 0 -0.00376728 0 0 0 -0.00376728 0 221.777
28.3 1000 0.245134 0 0.650567 57.283 0 -0.114758 0 0 0 -0.114758 0 222.561
28.4 1000 0.224629 0 0.694968 57.2877 0 0.08347 0 0 0 0.08347 0 224.341
28.5 1000 0.231543 0 0.704737 57.6309 0 0.244154 0 0 0 0.244154 0 225.913
28.6 1000 0.23924 0 0.638868 57.7285 0 0.259386 0 0 0 0.259386 0 227.369
28.7 1000 0.217611 0 0.613496 58.1459 0 0.49526 0 0 0 0.49526 0 228.578
28.8 1000 0.229666 0 0.598146 58.335 0 0.824982 0 0 0 0.824982 0 229.14
28.9 1000 0.203691 0 0.558823 58.6666 0 0.285342 0 0 0 0.285342 0 229.316
29 1000 0.186525 0 0.630915 58.8612 0 0.0961754 0 0 0 0.0961754 0 229.119
29.1 1000 0.192285 0 0.613244 59.1847 0 0.477452 0 0 0 0.477452 0 231.01
29.2 1000 0.207433 0 0.556944 58.9962 0 0.318199 0 0 0 0.318199 0 233.025
29.3 1000 0.18503 0 0.570208 59.1501 0 0.457328 0 0 0 0.457328 0 233.47
29.4 1000 0.186745 0 0.574856 59.32 0 0.518589 0 0 0 0.518589 0 234.227
29.5 1000 0.189584 0 0.588772 59.419 0 0.104287 0 0 0 0.104287 0 235.107
29.6 1000 0.175384 0 0.598556 59.7361 0 0.64788 0 0 0 0.64788 0 235.47
29.7 1000 0.187838 0 0.652252 59.5295 0 0.148927 0 0 0 0.148927 0 236.464
29.8 1000 0.204659 0 0.637879 59.9648 0 -0.216234 0 0 0 -0.216234 0 239.432
29.9 1000 0.171344 0 0.627528 60.2513 0 -0.221039 0 0 0 -0.221039 0 239.196
30 1000 0.177782 0 0.640371 60.5071 0 -0.0138943 0 0 0 -0.0138943 0 239.665
30.1 1000 0.172008 0 0.584743 60.8694 0 -0.218131 0 0 0 -0.218131 0 238.76
30.2 1000 0.180343 0 0.581543 61.061 0 -0.616994 0 0 0 -0.616994 0 240.158
30.3 1000 0.199606 0 0.591489 61.2374 0 -0.510409 0 0 0 -0.510409 0 240.055
30.4 1000 0.204426 0 0.542641 61.4175 0 -1.22699 0 0 0 -1.22699 0 239.158
30.5 1000 0.206748 0 0.485684 62.0085 0 -0.860651 0 0 0 -0.860651 0 240.106
30.6 1000 0.19488 0 0.434092 62.2924 0 -0.479301 0 0 0 -0.479301 0 241.681
30.7 1000 0.225759 0 0.434919 62.2807 0 -0.30755 0 0 0 -0.30755 0 242.118
30.8 1000 0.227826 0 0.427701 62.4352 0 -0.329752 0 0 0 -0.329752 0 242.462
30.9 1000 0.220771 0 0.46367 62.4792 0 -0.30089 0 0 0 -0.30089 0 243.638
31 1000 0.219143 0 0.460608 62.4916 0 -0.190755 0 0 0 -0.190755 0 245.03
31.1 1000 0.20943 0 0.471793 62.6079 0 0.151132 0 0 0 0.151132 0 246.453
31.2 1000 0.232803 0 0.488768 62.3669 0 -0.184367 0 0 0 -0.184367 0 248.803
31.3 1000 0.229743 0 0.473248 62.5096 0 -0.443048 0 0 0 -0.443048 0 248.674
31.4 1000 0.23677 0 0.469425 62.8094 0 -0.356823 0 0 0 -0.356823 0 249.582
31.5 1000 0.238473 0 0.471366 62.6585 0 -0.0792407 0 0 0 -0.0792407 0 250.201
31.6 1000 0.270607 0 0.498762 62.6895 0 -0.297143 0 0 0 -0.297143 0 249.697
31.7 1000 0.255338 0 0.418987 62.9691 0 -0.0960315 0 0 0 -0.0960315 0 248.682
31.8 1000 0.266182 0 0.448797 63.1292 0 0.368458 0 0 0 0.368458 0 250.16
31.9 1000 0.282235 0 0.476802 64.066 0 0.722281 0 0 0 0.722281 0 252.205
32 1000 0.269551 0 0.504062 64.5103 0 0.193503 0 0 0 0.193503 0 253.494
32.1 1000 0.265683 0 0.517859 64.6935 0 0.324594 0 0 0 0.324594 0 254.578
32.2 1000 0.273239 0 0.507468 64.7999 0 -0.238173 0 0 0 -0.238173 0 255.212
32.3 1000 0.281822 0 0.508551 64.9606 0 -0.286641 0 0 0 -0.286641 0 256.298
32.4 1000 0.28558 0 0.489937 65.0959 0 -0.384469 0 0 0 -0.384469 0 256.932
32.5 1000 0.301367 0 0.484367 65.5326 0 -0.633341 0 0 0 -0.633341 0 257.065
32.6 1000 0.32788 0 0.488587 65.5588 0 -1.03236 0 0 0 -1.03236 0 258.323
32.7 1000 0.320634 0 0.454956 66.0364 0 -1.52236 0 0 0 -1.52236 0 259.491
32.8 1000 0.297633 0 0.41367 66.1196 0 -1.38664 0 0 0 -1.38664 0 258.597
32.9 1000 0.313761 0 0.399685 65.8685 0 -1.56748 0 0 0 -1.56748 0 260.424
33 1000 0.309695 0 0.393099 66.235 0 -1.54599 0 0 0 -1.54599 0 262.94
33.1 1000 0.292642 0 0.41225 66.5168 0 -1.52419 0 0 0 -1.52419 0 263.972
33.2 1000 0.278529 0 0.339313 66.6763 0 -0.894921 0 0 0 -0.894921 0 263.607
33.3 1000 0.256812 0 0.373354 66.9254 0 -1.76298 0 0 0 -1.76298 0 264.982
33.4 1000 0.241941 0 0.359084 67.6101 0 -1.72303 0 0 0 -1.72303 0 265.994
33.5 1000 0.221081 0 0.404205 67.5067 0 -1.56099 0 0 0 -1.56099 0 266.809
33.6 1000 0.234752 0 0.390263 67.6438 0 -1.7693 0 0 0 -1.7693 0 268.307
33.7 1000 0.24038 0 0.356802 67.7786 0 -1.54596 0 0 0 -1.54596 0 268.876
33.8 1000 0.233021 0 0.372904 67.4073 0 -1.29603 0 0 0 -1.29603 0 268.771
33.9 1000 0.25282 0 0.401122 67.5115 0 -1.18835 0 0 0 -1.18835 0 270.124
34 1000 0.240103 0 0.407951 67.943 0 -1.38307 0 0 0 -1.38307 0 270.843
34.1 1000 0.258564 0 0.412993 68.1162 0 -1.22205 0 0 0 -1.22205 0 271.879
34.2 1000 0.261769 0 0.409695 68.3723 0 -1.58861 0 0 0 -1.58861 0 274.482
34.3 1000 0.232777 0 0.417819 68.5545 0 -1.40671 0 0 0 -1.40671 0 273.715
34.4 1000 0.231196 0 0.407583 69.1217 0 -1.08445 0 0 0 -1.08445 0 275.166
34.5 1000 0.239236 0 0.391311 69.4794 0 -0.805069 0 0 0 -0.805069 0 274.815
34.6 1000 0.253823 0 0.446059 69.296 0 -0.819563 0 0 0 -0.819563 0 274.793
34.7 1000 0.254059 0 0.462331 69.534 0 -1.17987 0 0 0 -1.17987 0 277.148
34.8 1000 0.230176 0 0.481306 69.668 0 -1.04422 0 0 0 -1.04422 0 278.232
34.9 1000 0.239596 0 0.489287 69.9613 0 -1.09649 0 0 0 -1.09649 0 279.113
35 1000 0.231987 0 0.473369 69.9733 0 -0.957269 0 0 0 -0.957269 0 280.251
35.1 1000 0.236104 0 0.43423 70.0935 0 -0.844745 0 0 0 -0.844745 0 280.009
35.2 1000 0.24649 0 0.480269 70.1636 0 -0.887975 0 0 0 -0.887975 0 281.244
35.3 1000 0.270146 0 0.441599 70.265 0 -0.747846 0 0 0 -0.747846 0 282.153
35.4 1000 0.275297 0 0.390627 70.4566 0 -1.11358 0 0 0 -1.11358 0 284.705
35.5 1000 0.266732 0 0.392987 70.7038 0 -1.35629 0 0 0 -1.35629 0 285.347
35.6 1000 0.281247 0 0.398933 71.8158 0 -0.912599 0 0 0 -0.912599 0 285.497
35.7 1000 0.283113 0 0.439513 72.0246 0 -0.90757 0 0 0 -0.90757 0 285.836
35.8 1000 0.276364 0 0.473753 72.4287 0 -0.961212 0 0 0 -0.961212 0 285.907
35.9 1000 0.308102 0 0.456543 72.5212 0 -1.69713 0 0 0 -1.69713 0 286.94
36 1000 0.305233 0 0.438067 73.257 0 -1.84254 0 0 0 -1.84254 0 287.901
36.1 1000 0.279274 0 0.499016 73.6472 0 -1.73658 0 0 0 -1.73658 0 287.095
36.2 1000 0.281392 0 0.531778 73.3839 0 -1.94656 0 0 0 -1.94656 0 288.466
36.3 1000 0.275779 0 0.516983 73.6738 0 -2.16457 0 0 0 -2.16457 0 289.592
36.4 1000 0.275633 0 0.539895 73.8025 0 -2.22091 0 0 0 -2.22091 0 290.83
36.5 1000 0.265786 0 0.537219 74.2691 0 -2.3154 0 0 0 -2.3154 0 292.006
36.6 1000 0.249416 0 0.515399 74.6329 0 -2.21402 0 0 0 -2.21402 0 291.651
36.7 1000 0.240188 0 0.490575 74.8334 0 -2.6245 0 0 0 -2.6245 0 292.471
36.8 1000 0.253142 0 0.53182 75.251 0 -2.36139 0 0 0 -2.36139 0 295.731
36.9 1000 0.240992 0 0.525483 75.5154 0 -1.99417 0 0 0 -1.99417 0 295.954
37 1000 0.251105 0 0.519694 75.3305 0 -2.58988 0 0 0 -2.58988 0 295.347
37.1 1000 0.235901 0 0.542346 75.3725 0 -2.91614 0 0 0 -2.91614 0 295.982
37.2 1000 0.24633 0 0.51045 75.5426 0 -3.16788 0 0 0 -3.16788 0 297.887
37.3 1000 0.245509 0 0.533153 75.7589 0 -2.73033 0 0 0 -2.73033 0 297.377
37.4 1000 0.243675 0 0.554736 75.6355 0 -2.56529 0 0 0 -2.56529 0 297.313
37.5 1000 0.256699 0 0.531514 75.918 0 -2.77989 0 0 0 -2.77989 0 297.715
37.6 1000 0.238493 0 0.528572 76.0709 0 -2.96974 0 0 0 -2.96974 0 298.618
37.7 1000 0.254767 0 0.569735 76.1358 0 -3.06509 0 0 0 -3.06509 0 298.792
37.8 1000 0.272741 0 0.57408 76.5286 0 -2.81995 0 0 0 -2.81995 0 299.251
37.9 1000 0.25185 0 0.578111 76.7479 0 -2.9477 0 0 0 -2.9477 0 298.347
38 1000 0.261197 0 0.569744 76.7687 0 -2.99658 0 0 0 -2.99658 0 297.627
38.1 1000 0.264035 0 0.510031 77.0179 0 -3.46534 0 0 0 -3.46534 0 298.829
38.2 1000 0.260385 0 0.50756 77.3061 0 -3.76459 0 0 0 -3.76459 0 298.894
38.3 1000 0.253297 0 0.504086 76.9779 0 -4.12559 0 0 0 -4.12559 0 300.099
38.4 1000 0.26991 0 0.485577 77.3014 0 -3.90199 0 0 0 -3.90199 0 301.026
38.5 1000 0.260434 0 0.544645 77.4445 0 -4.10165 0 0 0 -4.10165 0 302.99
38.6 1000 0.291179 0 0.545556 77.8934 0 -3.79103 0 0 0 -3.79103 0 303.592
38.7 1000 0.281852 0 0.542342 78.045 0 -3.46291 0 0 0 -3.46291 0 306.206
38.8 1000 0.282372 0 0.587078 78.2384 0 -2.89166 0 0 0 -2.89166 0 308.147
38.9 1000 0.300894 0 0.611535 78.3473 0 -2.78391 0 0 0 -2.78391 0 307.466
39 1000 0.306228 0 0.584563 78.2847 0 -2.7663 0 0 0 -2.7663 0 308.444
39.1 1000 0.299943 0 0.587345 78.1323 0 -3.14924 0 0 0 -3.14924 0 309.479
39.2 1000 0.33506 0 0.657118 78.2604 0 -2.97101 0 0 0 -2.97101 0 309.808
39.3 1000 0.340316 0 0.71363 78.5422 0 -3.35396 0 0 0 -3.35396 0 311.069
39.4 1000 0.329906 0 0.712192 78.728 0 -3.40068 0 0 0 -3.40068 0 311.489
39.5 1000 0.30265 0 0.729391 79.1355 0 -2.99186 0 0 0 -2.99186 0 314.48
39.6 1000 0.304328 0 0.701843 79.2528 0 -2.56187 0 0 0 -2.56187 0 313.575
39.7 1000 0.323502 0 0.657957 79.7573 0 -2.36457 0 0 0 -2.36457 0 313.903
39.8 1000 0.351113 0 0.611568 79.6554 0 -2.67397 0 0 0 -2.67397 0 312.747
39.9 1000 0.351533 0 0.60096 80.2956 0 -2.37103 0 0 0 -2.37103 0 313.114
40 1000 0.364522 0 0.630562 80.5735 0 -2.67311 0 0 0 -2.67311 0 313.154
40.1 1000 0.341336 0 0.643706 81.253 0 -2.33991 0 0 0 -2.33991 0 314.139
40.2 1000 0.363011 0 0.623678 81.7425 0 -2.9091 0 0 0 -2.9091 0 314.713
40.3 1000 0.367476 0 0.624184 81.817 0 -3.11989 0 0 0 -3.11989 0 317.316
40.4 1000 0.378223 0 0.639853 82.0303 0 -2.86056 0 0 0 -2.86056 0 318.745
40.5 1000 0.386108 0 0.627421 82.0361 0 -2.64066 0 0 0 -2.64066 0 320.764
40.6 1000 0.384474 0 0.610778 82.2374 0 -3.12553 0 0 0 -3.12553 0 322.681
40.7 1000 0.367485 0 0.632175 82.165 0 -3.60866 0 0 0 -3.60866 0 323.646
40.8 1000 0.363581 0 0.679501 82.2744 0 -3.98592 0 0 0 -3.98592 0 324.87
40.9 1000 0.363515 0 0.706261 82.6345 0 -3.94342 0 0 0 -3.94342 0 322.606
41 1000 0.357946 0 0.741099 82.461 0 -4.06916 0 0 0 -4.06916 0 322.682
41.1 1000 0.346726 0 0.720907 82.8308 0 -4.1851 0 0 0 -4.1851 0 323.448
41.2 1000 0.38158 0 0.701764 83.1816 0 -3.64255 0 0 0 -3.64255 0 322.768
41.3 1000 0.381122 0 0.728971 83.247 0 -3.76767 0 0 0 -3.76767 0 322.12
41.4 1000 0.380339 0 0.699132 83.1378 0 -4.05471 0 0 0 -4.05471 0 323.83
41.5 1000 0.393259 0 0.695626 83.5841 0 -4.07707 0 0 0 -4.07707 0 323.363
41.6 1000 0.416782 0 0.699727 83.775 0 -3.94712 0 0 0 -3.94712 0 324.476
41.7 1000 0.397482 0 0.68164 83.9614 0 -3.63449 0 0 0 -3.63449 0 325.817
41.8 1000 0.413256 0 0.641732 83.8615 0 -3.18953 0 0 0 -3.18953 0 326.38
41.9 1000 0.407477 0 0.640194 83.9177 0 -3.05055 0 0 0 -3.05055 0 326.855
42 1000 0.40491 0 0.641296 84.5024 0 -3.41691 0 0 0 -3.41691 0 327.962
42.1 1000 0.413712 0 0.580768 84.5847 0 -3.67434 0 0 0 -3.67434 0 328.589
42.2 1000 0.404587 0 0.552408 84.5803 0 -3.7519 0 0 0 -3.7519 0 328.307
42.3 1000 0.422138 0 0.496977 85.3579 0 -3.83627 0 0 0 -3.83627 0 328.708
42.4 1000 0.451197 0 0.468116 85.4431 0 -3.33112 0 0 0 -3.33112 0 329.124
42.5 1000 0.453257 0 0.466335 85.47 0 -3.66336 0 0 0 -3.66336 0 330.645
42.6 1000 0.437421 0 0.499616 85.8826 0 -4.23989 0 0 0 -4.23989 0 332.372
42.7 1000 0.438441 0 0.519525 85.9012 0 -4.49712 0 0 0 -4.49712 0 333.164
42.8 1000 0.44666 0 0.487917 86.1593 0 -4.97226 0 0 0 -4.97226 0 334.653
42.9 1000 0.451251 0 0.481628 86.3849 0 -5.17005 0 0 0 -5.17005 0 333.511
43 1000 0.464713 0 0.511936 86.3481 0 -5.01274 0 0 0 -5.01274 0 336.264
43.1 1000 0.442074 0 0.526312 86.8624 0 -4.92218 0 0 0 -4.92218 0 337.927
43.2 1000 0.448348 0 0.510747 87.1248 0 -4.73475 0 0 0 -4.73475 0 339.193
43.3 1000 0.451959 0 0.511806 87.5041 0 -4.13199 0 0 0 -4.13199 0 340.031
43.4 1000 0.459012 0 0.488527 87.6066 0 -4.01046 0 0 0 -4.01046 0 339.799
43.5 1000 0.477429 0 0.492542 87.7233 0 -3.5743 0 0 0 -3.5743 0 340.495
43.6 1000 0.485908 0 0.485847 87.8424 0 -4.41203 0 0 0 -4.41203 0 339.615
43.7 1000 0.483166 0 0.445947 87.9167 0 -4.58846 0 0 0 -4.58846 0 339.736
43.8 1000 0.505463 0 0.460826 88.237 0 -4.68641 0 0 0 -4.68641 0 340.44
43.9 1000 0.480418 0 0.463294 88.2956 0 -5.00969 0 0 0 -5.00969 0 341.877
44 1000 0.478969 0 0.494486 88.7262 0 -4.04125 0 0 0 -4.04125 0 342.628
44.1 1000 0.509292 0 0.512976 89.1343 0 -4.3946 0 0 0 -4.3946 0 344.397
44.2 1000 0.514037 0 0.533064 89.2109 0 -4.6367 0 0 0 -4.6367 0 343.403
44.3 1000 0.519801 0 0.532349 89.5449 0 -4.6989 0 0 0 -4.6989 0 344.673
44.4 1000 0.51532 0 0.537359 89.8008 0 -4.96855 0 0 0 -4.96855 0 345.458
44.5 1000 0.491999 0 0.541406 90.172 0 -5.57525 0 0 0 -5.57525 0 345.964
44.6 1000 0.49282 0 0.504802 90.4396 0 -5.35833 0 0 0 -5.35833 0 346.515
44.7 1000 0.499971 0 0.511691 90.6426 0 -4.92163 0 0 0 -4.92163 0 348.234
44.8 1000 0.480916 0 0.537677 90.8157 0 -5.4821 0 0 0 -5.4821 0 346.518
44.9 1000 0.476197 0 0.486503 90.4215 0 -4.88588 0 0 0 -4.88588 0 346.959
45 1000 0.492894 0 0.50644 90.7542 0 -5.42469 0 0 0 -5.42469 0 349.175
45.1 1000 0.485144 0 0.449444 90.7494 0 -5.61075 0 0 0 -5.61075 0 350.729
45.2 1000 0.468032 0 0.416923 91.1751 0 -5.5352 0 0 0 -5.5352 0 352.459
45.3 1000 0.454727 0 0.430551 91.2176 0 -5.50949 0 0 0 -5.50949 0 353.558
45.4 1000 0.45615 0 0.456878 91.5746 0 -5.17822 0 0 0 -5.17822 0 352.691
45.5 1000 0.449683 0 0.485134 91.7303 0 -5.5966 0 0 0 -5.5966 0 354.195
45.6 1000 0.431883 0 0.474327 91.7257 0 -5.49315 0 0 0 -5.49315 0 355.623
45.7 1000 0.436457 0 0.442164 92.11 0 -5.61912 0 0 0 -5.61912 0 355.75
45.8 1000 0.429917 0 0.474622 92.4085 0 -5.3003 0 0 0 -5.3003 0 357.539
45.9 1000 0.442566 0 0.486503 92.4498 0 -5.44506 0 0 0 -5.44506 0 358.275
46 1000 0.429626 0 0.461137 92.7163 0 -5.15219 0 0 0 -5.15219 0 359.213
46.1 1000 0.399963 0 0.418704 92.8085 0 -5.78145 0 0 0 -5.78145 0 359.554
46.2 1000 0.41226 0 0.40685 93.0516 0 -6.02325 0 0 0 -6.02325 0 360.253
46.3 1000 0.405985 0 0.384494 93.7919 0 -5.67643 0 0 0 -5.67643 0 360.922
46.4 1000 0.411126 0 0.357742 93.9739 0 -5.82595 0 0 0 -5.82595 0 361.859
46.5 1000 0.396336 0 0.368249 94.8142 0 -6.26038 0 0 0 -6.26038 0 362.269
46.6 1000 0.413752 0 0.333839 94.7936 0 -6.00846 0 0 0 -6.00846 0 361.575
46.7 1000 0.421266 0 0.375563 94.7901 0 -5.62435 0 0 0 -5.62435 0 362.852
46.8 1000 0.430788 0 0.438327 94.8827 0 -5.7249 0 0 0 -5.7249 0 364.627
46.9 1000 0.415142 0 0.414205 94.7304 0 -5.2833 0 0 0 -5.2833 0 364.946
47 1000 0.421848 0 0.459217 94.8782 0 -6.13498 0 0 0 -6.13498 0 366.289
47.1 1000 0.426644 0 0.429705 94.9669 0 -6.30154 0 0 0 -6.30154 0 367.133
47.2 1000 0.398419 0 0.404906 95.8526 0 -6.08265 0 0 0 -6.08265 0 367.965
47.3 1000 0.386275 0 0.461576 95.8118 0 -5.75524 0 0 0 -5.75524 0 367.694
47.4 1000 0.392578 0 0.433173 96.445 0 -5.90622 0 0 0 -5.90622 0 368.853
47.5 1000 0.408274 0 0.43106 96.7033 0 -5.91707 0 0 0 -5.91707 0 370.465
47.6 1000 0.390007 0 0.423074 96.7384 0 -5.47136 0 0 0 -5.47136 0 371.55
47.7 1000 0.379952 0 0.438522 97.1104 0 -4.94778 0 0 0 -4.94778 0 372.025
47.8 1000 0.389694 0 0.426354 97.3619 0 -4.91617 0 0 0 -4.91617 0 373.422
47.9 1000 0.391136 0 0.386118 97.7434 0 -4.65823 0 0 0 -4.65823 0 373.154
48 1000 0.379417 0 0.360038 98.1262 0 -4.60866 0 0 0 -4.60866 0 373.741
48.1 1000 0.360783 0 0.313745 98.8081 0 -3.92434 0 0 0 -3.92434 0 375.6
48.2 1000 0.37811 0 0.282334 98.9124 0 -3.85355 0 0 0 -3.85355 0 377.943
48.3 1000 0.363182 0 0.226682 99.0702 0 -4.02354 0 0 0 -4.02354 0 378.055
48.4 1000 0.366925 0 0.223871 99.5889 0 -3.93145 0 0 0 -3.93145 0 378.468
48.5 1000 0.351315 0 0.271022 99.5458 0 -3.92306 0 0 0 -3.92306 0 379.683
48.6 1000 0.358616 0 0.252327 99.9116 0 -3.44283 0 0 0 -3.44283 0 379.856
48.7 1000 0.343608 0 0.240138 99.9271 0 -3.53141 0 0 0 -3.53141 0 379.966
48.8 1000 0.337628 0 0.239145 99.9135 0 -3.63422 0 0 0 -3.63422 0 380.194
48.9 1000 0.343904 0 0.236224 99.4792 0 -3.52494 0 0 0 -3.52494 0 379.92
49 1000 0.324384 0 0.185827 99.6272 0 -3.0246 0 0 0 -3.0246 0 382.457
49.1 1000 0.337974 0 0.141795 100.095 0 -2.52302 0 0 0 -2.52302 0 384.853
49.2 1000 0.345331 0 0.195644 100.059 0 -2.80018 0 0 0 -2.80018 0 385.361
49.3 1000 0.350268 0 0.237671 100.386 0 -2.68872 0 0 0 -2.68872 0 384.589
49.4 1000 0.327617 0 0.240438 100.696 0 -2.84252 0 0 0 -2.84252 0 387.016
49.5 1000 0.328282 0 0.263708 101.131 0 -2.93159 0 0 0 -2.93159 0 388.245
49.6 1000 0.341216 0 0.216676 101.242 0 -3.21499 0 0 0 -3.21499 0 387.783
49.7 1000 0.340587 0 0.205068 101.239 0 -3.96866 0 0 0 -3.96866 0 391.418
49.8 1000 0.329967 0 0.219925 100.822 0 -4.38116 0 0 0 -4.38116 0 392.862
49.9 1000 0.326266 0 0.270715 101.109 0 -4.6156 0 0 0 -4.6156 0 394.845
50 1000 0.329729 0 0.246456 101.244 0 -4.653 0 0 0 -4.653 0 394.892
50.1 1000 0.329515 0 0.258999 101.213 0 -4.73145 0 0 0 -4.73145 0 395.467
50.2 1000 0.34833 0 0.278608 101.121 0 -4.48206 0 0 0 -4.48206 0 396.321
50.3 1000 0.355172 0 0.247385 101.355 0 -4.62982 0 0 0 -4.62982 0 396.682
50.4 1000 0.349025 0 0.213146 102.054 0 -4.96743 0 0 0 -4.96743 0 397.341
50.5 1000 0.337725 0 0.235491 102.159 0 -4.56622 0 0 0 -4.56622 0 398.331
50.6 1000 0.349981 0 0.205487 102.277 0 -4.61071 0 0 0 -4.61071 0 397.611
50.7 1000 0.357738 0 0.187248 102.311 0 -4.77825 0 0 0 -4.77825 0 397.771
50.8 1000 0.362213 0 0.166815 102.68 0 -5.63162 0 0 0 -5.63162 0 398.407
50.9 1000 0.370823 0 0.180087 102.93 0 -5.37049 0 0 0 -5.37049 0 400.466
51 1000 0.349075 0 0.190887 103.538 0 -5.22919 0 0 0 -5.22919 0 401.809
51.1 1000 0.336635 0 0.181103 103.773 0 -5.08854 0 0 0 -5.08854 0 400.804
51.2 1000 0.325579 0 0.16202 104.263 0 -5.28682 0 0 0 -5.28682 0 401.244
51.3 1000 0.346064 0 0.184999 104.459 0 -5.19224 0 0 0 -5.19224 0 403.033
51.4 1000 0.375507 0 0.186482 104.449 0 -5.51003 0 0 0 -5.51003 0 403.729
51.5 1000 0.389087 0 0.180923 104.345 0 -4.70085 0 0 0 -4.70085 0 403.646
51.6 1000 0.386215 0 0.20754 104.628 0 -4.06232 0 0 0 -4.06232 0 403.808
51.7 1000 0.386721 0 0.148628 104.228 0 -3.85769 0 0 0 -3.85769 0 405.041
51.8 1000 0.401183 0 0.141593 104.525 0 -3.94693 0 0 0 -3.94693 0 405.471
51.9 1000 0.408849 0 0.136022 104.512 0 -3.48714 0 0 0 -3.48714 0 405.857
52 1000 0.398665 0 0.192332 104.631 0 -2.9355 0 0 0 -2.9355 0 406.529
52.1 1000 0.414592 0 0.222781 104.962 0 -2.99792 0 0 0 -2.99792 0 405.849
52.2 1000 0.414578 0 0.260576 104.585 0 -2.48833 0 0 0 -2.48833 0 407.357
52.3 1000 0.401406 0 0.251438 105.025 0 -2.55918 0 0 0 -2.55918 0 410.445
52.4 1000 0.387163 0 0.246171 105.423 0 -3.00618 0 0 0 -3.00618 0 411.535
52.5 1000 0.405751 0 0.227738 105.862 0 -3.45108 0 0 0 -3.45108 0 412.827
52.6 1000 0.401946 0 0.220228 106.231 0 -3.71417 0 0 0 -3.71417 0 414.287
52.7 1000 0.385446 0 0.260509 106.908 0 -3.44255 0 0 0 -3.44255 0 415.269
52.8 1000 0.390076 0 0.291308 107.31 0 -3.35415 0 0 0 -3.35415 0 414.262
52.9 1000 0.392703 0 0.301677 107.204 0 -4.11059 0 0 0 -4.11059 0 414.046
53 1000 0.395119 0 0.310328 107.158 0 -4.26238 0 0 0 -4.26238 0 416.58
53.1 1000 0.410418 0 0.309413 107.404 0 -4.73603 0 0 0 -4.73603 0 418.143
53.2 1000 0.391906 0 0.274033 108.209 0 -4.65439 0 0 0 -4.65439 0 416.548
53.3 1000 0.381554 0 0.254759 108.503 0 -4.59163 0 0 0 -4.59163 0 418.355
53.4 1000 0.397772 0 0.243309 108.571 0 -4.88085 0 0 0 -4.88085 0 417.454
53.5 1000 0.406355 0 0.245067 108.77 0 -4.66297 0 0 0 -4.66297 0 417.639
53.6 1000 0.406828 0 0.266824 108.964 0 -4.54925 0 0 0 -4.54925 0 419.205
53.7 1000 0.386406 0 0.337029 109.033 0 -4.75764 0 0 0 -4.75764 0 418.277
53.8 1000 0.401312 0 0.344483 109.013 0 -4.88307 0 0 0 -4.88307 0 419.121
53.9 1000 0.399554 0 0.377137 109.366 0 -4.85437 0 0 0 -4.85437 0 419.275
54 1000 0.379129 0 0.401477 109.31 0 -5.12856 0 0 0 -5.12856 0 419.284
54.1 1000 0.409811 0 0.416203 109.174 0 -5.10978 0 0 0 -5.10978 0 419.747
54.2 1000 0.40983 0 0.392587 109.5 0 -5.77173 0 0 0 -5.77173 0 419.977
54.3 1000 0.417875 0 0.374855 110.089 0 -6.08056 0 0 0 -6.08056 0 421.696
54.4 1000 0.404292 0 0.42331 110.094 0 -6.25515 0 0 0 -6.25515 0 423.853
54.5 1000 0.399162 0 0.443496 110.362 0 -6.45964 0 0 0 -6.45964 0 425.434
54.6 1000 0.399347 0 0.399872 110.481 0 -6.59091 0 0 0 -6.59091 0 427.326
54.7 1000 0.398822 0 0.387825 110.417 0 -5.98095 0 0 0 -5.98095 0 430.75
54.8 1000 0.401348 0 0.371552 110.342 0 -6.23623 0 0 0 -6.23623 0 432.959
54.9 1000 0.407353 0 0.373149 110.367 0 -6.15138 0 0 0 -6.15138 0 433.992
55 1000 0.395951 0 0.346704 110.721 0 -6.89214 0 0 0 -6.89214 0 435.67
55.1 1000 0.398511 0 0.367556 111.033 0 -6.68041 0 0 0 -6.68041 0 434.998
55.2 1000 0.407041 0 0.357138 110.837 0 -6.24539 0 0 0 -6.24539 0 436.452
55.3 1000 0.387655 0 0.373064 111.322 0 -7.10095 0 0 0 -7.10095 0 438.274
55.4 1000 0.410926 0 0.387915 111.29 0 -7.48209 0 0 0 -7.48209 0 438.004
55.5 1000 0.430038 0 0.355389 111.46 0 -8.21366 0 0 0 -8.21366 0 438.131
55.6 1000 0.423541 0 0.3664 111.515 0 -8.04949 0 0 0 -8.04949 0 438.769
55.7 1000 0.426173 0 0.402793 112.108 0 -7.95402 0 0 0 -7.95402 0 439.126
55.8 1000 0.427052 0 0.374663 112.615 0 -7.95416 0 0 0 -7.95416 0 440.467
55.9 1000 0.402612 0 0.393547 113.41 0 -7.51884 0 0 0 -7.51884 0 439.812
56 1000 0.392188 0 0.418741 113.271 0 -7.14588 0 0 0 -7.14588 0 442.314
56.1 1000 0.393476 0 0.437554 113.408 0 -7.75112 0 0 0 -7.75112 0 444.72
56.2 1000 0.384944 0 0.396806 113.499 0 -6.90886 0 0 0 -6.90886 0 445.195
56.3 1000 0.36935 0 0.355057 113.551 0 -6.46425 0 0 0 -6.46425 0 445.764
56.4 1000 0.343033 0 0.334015 113.478 0 -6.50648 0 0 0 -6.50648 0 447.143
56.5 1000 0.334619 0 0.333333 113.575 0 -6.25865 0 0 0 -6.25865 0 446.248
56.6 1000 0.342209 0 0.371209 113.901 0 -6.29969 0 0 0 -6.29969 0 447.956
56.7 1000 0.34524 0 0.431781 114.482 0 -6.26402 0 0 0 -6.26402 0 448.704
56.8 1000 0.349509 0 0.447356 114.865 0 -6.34067 0 0 0 -6.34067 0 450.25
56.9 1000 0.350165 0 0.448501 115.443 0 -5.90161 0 0 0 -5.90161 0 448.148
57 1000 0.366801 0 0.446203 115.637 0 -5.73804 0 0 0 -5.73804 0 449.156
57.1 1000 0.374918 0 0.474764 115.811 0 -5.67265 0 0 0 -5.67265 0 450.931
57.2 1000 0.383565 0 0.466636 115.72 0 -5.47073 0 0 0 -5.47073 0 451.064
57.3 1000 0.381661 0 0.497686 116.057 0 -5.30319 0 0 0 -5.30319 0 452.303
57.4 1000 0.386553 0 0.450015 115.992 0 -4.67556 0 0 0 -4.67556 0 452.93
57.5 1000 0.404993 0 0.473556 115.894 0 -4.61538 0 0 0 -4.61538 0 453.147
57.6 1000 0.409431 0 0.467612 115.35 0 -4.3467 0 0 0 -4.3467 0 455.464
57.7 1000 0.41172 0 0.505917 116.133 0 -4.60261 0 0 0 -4.60261 0 457.525
57.8 1000 0.395022 0 0.547343 116.243 0 -4.32115 0 0 0 -4.32115 0 458.73
57.9 1000 0.40303 0 0.537259 116.499 0 -3.64248 0 0 0 -3.64248 0 460.476
58 1000 0.374001 0 0.563846 117.209 0 -3.88288 0 0 0 -3.88288 0 461.112
58.1 1000 0.362087 0 0.564001 116.911 0 -3.22241 0 0 0 -3.22241 0 462.74
58.2 1000 0.339538 0 0.540335 117.214 0 -3.19691 0 0 0 -3.19691 0 464.582
58.3 1000 0.349006 0 0.51107 116.843 0 -2.9102 0 0 0 -2.9102 0 465.988
58.4 1000 0.349804 0 0.475276 117.339 0 -3.34945 0 0 0 -3.34945 0 467.847
58.5 1000 0.344149 0 0.490842 117.395 0 -3.83387 0 0 0 -3.83387 0 469.185
58.6 1000 0.315717 0 0.511108 117.491 0 -3.10581 0 0 0 -3.10581 0 469.795
58.7 1000 0.298328 0 0.530518 117.836 0 -2.85435 0 0 0 -2.85435 0 470.845
58.8 1000 0.284755 0 0.542298 118.358 0 -2.27945 0 0 0 -2.27945 0 471.251
58.9 1000 0.282208 0 0.527402 118.536 0 -2.1982 0 0 0 -2.1982 0 471.921
59 1000 0.299962 0 0.520431 118.487 0 -2.72694 0 0 0 -2.72694 0 473.821
59.1 1000 0.289527 0 0.541166 118.569 0 -2.79678 0 0 0 -2.79678 0 472.986
59.2 1000 0.271258 0 0.555279 119.002 0 -2.61773 0 0 0 -2.61773 0 473.174
59.3 1000 0.274619 0 0.590429 118.8 0 -2.72809 0 0 0 -2.72809 0 472.381
59.4 1000 0.276929 0 0.62418 119.807 0 -2.68248 0 0 0 -2.68248 0 473.106
59.5 1000 0.246644 0 0.599461 120.053 0 -2.98317 0 0 0 -2.98317 0 473.929
59.6 1000 0.268102 0 0.59718 120.111 0 -3.49652 0 0 0 -3.49652 0 472.723
59.7 1000 0.236048 0 0.617852 120.164 0 -3.32819 0 0 0 -3.32819 0 473.368
59.8 1000 0.243441 0 0.634252 119.8 0 -3.78274 0 0 0 -3.78274 0 473.913
59.9 1000 0.263582 0 0.583963 120.647 0 -3.70078 0 0 0 -3.70078 0 474.476
60 1000 0.281705 0 0.615489 121.573 0 -3.70023 0 0 0 -3.70023 0 474.316
60.1 1000 0.265351 0 0.635948 121.734 0 -4.82273 0 0 0 -4.82273 0 475.201
60.2 1000 0.26055 0 0.64625 122.006 0 -4.4077 0 0 0 -4.4077 0 477.097
60.3 1000 0.26311 0 0.666827 122.549 0 -4.29591 0 0 0 -4.29591 0 475.23
60.4 1000 0.257542 0 0.674595 122.906 0 -4.58954 0 0 0 -4.58954 0 477.582
60.5 1000 0.217985 0 0.712979 122.993 0 -5.45119 0 0 0 -5.45119 0 478.495
60.6 1000 0.230029 0 0.68572 123.229 0 -5.24577 0 0 0 -5.24577 0 478.621
60.7 1000 0.234233 0 0.660115 122.896 0 -5.22921 0 0 0 -5.22921 0 479.1
60.8 1000 0.244863 0 0.66807 122.915 0 -5.91124 0 0 0 -5.91124 0 478.262
60.9 1000 0.238269 0 0.665263 123.076 0 -5.69278 0 0 0 -5.69278 0 478.74
61 1000 0.248474 0 0.636302 123.514 0 -5.39495 0 0 0 -5.39495 0 478.3
61.1 1000 0.246735 0 0.635998 123.862 0 -5.41968 0 0 0 -5.41968 0 477.597
61.2 1000 0.229022 0 0.63042 124.49 0 -4.53084 0 0 0 -4.53084 0 480.143
61.3 1000 0.234063 0 0.654473 124.99 0 -4.58994 0 0 0 -4.58994 0 482.129
61.4 1000 0.257265 0 0.628113 125.201 0 -5.0209 0 0 0 -5.0209 0 483.77
61.5 1000 0.25166 0 0.620468 125.316 0 -5.03363 0 0 0 -5.03363 0 483.597
61.6 1000 0.238176 0 0.626078 125.832 0 -4.98105 0 0 0 -4.98105 0 483.848
61.7 1000 0.262526 0 0.641672 126.139 0 -5.27758 0 0 0 -5.27758 0 483.335
61.8 1000 0.261668 0 0.663143 126.208 0 -4.25689 0 0 0 -4.25689 0 485.206
61.9 1000 0.261051 0 0.653423 126.436 0 -3.85327 0 0 0 -3.85327 0 486.639
62 1000 0.256058 0 0.625 126.556 0 -4.03779 0 0 0 -4.03779 0 488.509
62.1 1000 0.25833 0 0.64639 127.142 0 -4.14272 0 0 0 -4.14272 0 488.922
62.2 1000 0.276267 0 0.669552 127.161 0 -3.73979 0 0 0 -3.73979 0 490.072
62.3 1000 0.256658 0 0.667944 127.438 0 -3.80888 0 0 0 -3.80888 0 492.025
62.4 1000 0.245208 0 0.675696 127.436 0 -4.14452 0 0 0 -4.14452 0 493.763
62.5 1000 0.246639 0 0.709221 127.542 0 -4.68413 0 0 0 -4.68413 0 494.762
62.6 1000 0.241144 0 0.691123 128.074 0 -4.80066 0 0 0 -4.80066 0 494.978
62.7 1000 0.254877 0 0.715424 128.322 0 -5.00571 0 0 0 -5.00571 0 493.964
62.8 1000 0.261704 0 0.702535 128.229 0 -5.4233 0 0 0 -5.4233 0 494.128
62.9 1000 0.26791 0 0.68436 128.586 0 -5.36754 0 0 0 -5.36754 0 492.951
63 1000 0.275417 0 0.743908 129.227 0 -4.66453 0 0 0 -4.66453 0 493.396
63.1 1000 0.281627 0 0.736809 129.333 0 -4.59263 0 0 0 -4.59263 0 496.103
63.2 1000 0.263483 0 0.711303 129.59 0 -4.7555 0 0 0 -4.7555 0 499.037
63.3 1000 0.274756 0 0.724955 129.314 0 -4.48451 0 0 0 -4.48451 0 500.684
63.4 1000 0.276048 0 0.772921 128.822 0 -4.56679 0 0 0 -4.56679 0 502.577
63.5 1000 0.278377 0 0.752605 129.101 0 -5.25784 0 0 0 -5.25784 0 502.78
63.6 1000 0.27361 0 0.735565 129.487 0 -5.22002 0 0 0 -5.22002 0 505.888
63.7 1000 0.266945 0 0.713418 130.233 0 -5.42964 0 0 0 -5.42964 0 506.074
63.8 1000 0.286169 0 0.709503 130.042 0 -5.62074 0 0 0 -5.62074 0 507.193
63.9 1000 0.282965 0 0.686427 130.136 0 -6.70285 0 0 0 -6.70285 0 507.208
64 1000 0.273697 0 0.687697 130.235 0 -7.95092 0 0 0 -7.95092 0 506.918
64.1 1000 0.27638 0 0.707783 130.395 0 -7.91673 0 0 0 -7.91673 0 507.875
64.2 1000 0.270957 0 0.693233 130.027 0 -7.66203 0 0 0 -7.66203 0 508.912
64.3 1000 0.236966 0 0.665513 129.933 0 -8.83956 0 0 0 -8.83956 0 511.335
64.4 1000 0.25279 0 0.68863 130.154 0 -9.07434 0 0 0 -9.07434 0 511.152
64.5 1000 0.248668 0 0.660681 130.423 0 -8.6856 0 0 0 -8.6856 0 512.186
64.6 1000 0.242953 0 0.689227 131.354 0 -8.46425 0 0 0 -8.46425 0 512.835
64.7 1000 0.19936 0 0.718698 131.763 0 -7.87645 0 0 0 -7.87645 0 514.047
64.8 1000 0.206211 0 0.680014 131.977 0 -8.20004 0 0 0 -8.20004 0 514.697
64.9 1000 0.20026 0 0.637002 132.477 0 -8.87295 0 0 0 -8.87295 0 515.969
65 1000 0.223158 0 0.651904 132.771 0 -8.44276 0 0 0 -8.44276 0 514.207
65.1 1000 0.206924 0 0.641366 132.885 0 -7.97052 0 0 0 -7.97052 0 514.482
65.2 1000 0.224171 0 0.677886 132.188 0 -8.48414 0 0 0 -8.48414 0 515.513
65.3 1000 0.203462 0 0.714928 132.374 0 -8.89687 0 0 0 -8.89687 0 515.328
65.4 1000 0.21536 0 0.729731 132.621 0 -8.59583 0 0 0 -8.59583 0 517.063
65.5 1000 0.190262 0 0.688511 132.146 0 -7.7932 0 0 0 -7.7932 0 515.132
65.6 1000 0.193285 0 0.704153 132.176 0 -8.47526 0 0 0 -8.47526 0 514.836
65.7 1000 0.169613 0 0.673272 132.603 0 -8.36419 0 0 0 -8.36419 0 518.524
65.8 1000 0.168629 0 0.692843 132.754 0 -7.79353 0 0 0 -7.79353 0 520.429
65.9 1000 0.150512 0 0.685163 132.722 0 -8.02641 0 0 0 -8.02641 0 520.294
66 1000 0.161564 0 0.727493 133.31 0 -8.53381 0 0 0 -8.53381 0 519.056
66.1 1000 0.168552 0 0.724023 133.043 0 -8.08932 0 0 0 -8.08932 0 520.352
66.2 1000 0.172552 0 0.716447 132.937 0 -8.73484 0 0 0 -8.73484 0 521.583
66.3 1000 0.157996 0 0.74398 133.276 0 -9.65081 0 0 0 -9.65081 0 522.82
66.4 1000 0.145529 0 0.752455 133.507 0 -9.09484 0 0 0 -9.09484 0 525.786
66.5 1000 0.14811 0 0.758296 133.988 0 -9.02691 0 0 0 -9.02691 0 529.241
66.6 1000 0.162362 0 0.775002 134.457 0 -9.23017 0 0 0 -9.23017 0 530.657
66.7 1000 0.147145 0 0.783853 134.069 0 -9.23156 0 0 0 -9.23156 0 531.273
66.8 1000 0.147842 0 0.759811 134.102 0 -9.07645 0 0 0 -9.07645 0 531.851
66.9 1000 0.132154 0 0.760885 134.548 0 -8.92406 0 0 0 -8.92406 0 532.701
67 1000 0.129459 0 0.787406 134.817 0 -8.90494 0 0 0 -8.90494 0 534.789
67.1 1000 0.146277 0 0.788655 134.937 0 -8.71672 0 0 0 -8.71672 0 533.554
67.2 1000 0.144683 0 0.743934 134.969 0 -8.29968 0 0 0 -8.29968 0 533.151
67.3 1000 0.143393 0 0.751324 135.359 0 -8.10792 0 0 0 -8.10792 0 533.319
67.4 1000 0.145659 0 0.744762 135.646 0 -7.9763 0 0 0 -7.9763 0 531.647
67.5 1000 0.11513 0 0.78098 135.893 0 -7.60678 0 0 0 -7.60678 0 533.167
67.6 1000 0.091361 0 0.772387 136.254 0 -6.81296 0 0 0 -6.81296 0 533.576
67.7 1000 0.0969343 0 0.773204 136.487 0 -7.31674 0 0 0 -7.31674 0 535.514
67.8 1000 0.103371 0 0.738469 136.36 0 -7.14622 0 0 0 -7.14622 0 537.247
67.9 1000 0.0914687 0 0.702384 136.8 0 -6.6371 0 0 0 -6.6371 0 539.242
68 1000 0.0984516 0 0.712301 137.527 0 -6.82106 0 0 0 -6.82106 0 538.077
68.1 1000 0.0789663 0 0.711854 137.35 0 -6.92595 0 0 0 -6.92595 0 538.644
68.2 1000 0.0757117 0 0.688426 137.553 0 -7.1931 0 0 0 -7.1931 0 539.286
68.3 1000 0.090355 0 0.663013 137.602 0 -7.8676 0 0 0 -7.8676 0 541.099
68.4 1000 0.0666448 0 0.642334 138.208 0 -6.79406 0 0 0 -6.79406 0 540.88
68.5 1000 0.0719056 0 0.648706 138.137 0 -6.37283 0 0 0 -6.37283 0 540.984
68.6 1000 0.0743832 0 0.626388 138.615 0 -5.90902 0 0 0 -5.90902 0 539.999
68.7 1000 0.0841741 0 0.64068 138.283 0 -4.96761 0 0 0 -4.96761 0 541.711
68.8 1000 0.0828814 0 0.640882 138.798 0 -4.32459 0 0 0 -4.32459 0 542.432
68.9 1000 0.0814123 0 0.669846 139.15 0 -3.7686 0 0 0 -3.7686 0 542.731
69 1000 0.083643 0 0.647938 139.458 0 -3.6229 0 0 0 -3.6229 0 542.403
69.1 1000 0.094094 0 0.698121 139.544 0 -3.32814 0 0 0 -3.32814 0 542.926
69.2 1000 0.0918121 0 0.69428 139.918 0 -3.25646 0 0 0 -3.25646 0 545.347
69.3 1000 0.0811819 0 0.709291 140.668 0 -2.85059 0 0 0 -2.85059 0 546.814
69.4 1000 0.0817925 0 0.734729 140.889 0 -2.52191 0 0 0 -2.52191 0 546.494
69.5 1000 0.0599231 0 0.726593 140.919 0 -2.35619 0 0 0 -2.35619 0 546.772
69.6 1000 0.0806748 0 0.714379 141.254 0 -2.30616 0 0 0 -2.30616 0 546.732
69.7 1000 0.0782874 0 0.745034 141.355 0 -2.58303 0 0 0 -2.58303 0 547.208
69.8 1000 0.10421 0 0.706509 141.939 0 -2.55902 0 0 0 -2.55902 0 548.945
69.9 1000 0.12467 0 0.712644 141.687 0 -2.40528 0 0 0 -2.40528 0 550.023
70 1000 0.131851 0 0.715586 141.796 0 -2.76663 0 0 0 -2.76663 0 549.606
70.1 1000 0.120501 0 0.733764 141.679 0 -3.1575 0 0 0 -3.1575 0 549.531
70.2 1000 0.124406 0 0.732348 141.337 0 -2.94956 0 0 0 -2.94956 0 551.33
70.3 1000 0.136019 0 0.765961 141.074 0 -3.62752 0 0 0 -3.62752 0 552.078
70.4 1000 0.13189 0 0.766343 141.485 0 -2.83438 0 0 0 -2.83438 0 553.227
70.5 1000 0.121556 0 0.74394 141.935 0 -2.92543 0 0 0 -2.92543 0 552.624
70.6 1000 0.115506 0 0.733101 142.2 0 -2.86051 0 0 0 -2.86051 0 552.981
70.7 1000 0.112528 0 0.724884 141.891 0 -2.94144 0 0 0 -2.94144 0 553.953
70.8 1000 0.101481 0 0.783184 142.059 0 -2.48853 0 0 0 -2.48853 0 554.367
70.9 1000 0.117668 0 0.762258 142.262 0 -1.85112 0 0 0 -1.85112 0 556.671
71 1000 0.1121 0 0.711678 142.391 0 -2.04157 0 0 0 -2.04157 0 555.953
71.1 1000 0.106371 0 0.709205 142.868 0 -0.934696 0 0 0 -0.934696 0 554.941
71.2 1000 0.100003 0 0.749142 142.876 0 -0.550185 0 0 0 -0.550185 0 557.363
71.3 1000 0.101777 0 0.709291 143.033 0 -0.579169 0 0 0 -0.579169 0 559.639
71.4 1000 0.104422 0 0.685451 143.042 0 -0.350886 0 0 0 -0.350886 0 560.379
71.5 1000 0.0920612 0 0.663532 143.749 0 -0.21946 0 0 0 -0.21946 0 560.875
71.6 1000 0.0877673 0 0.740947 144.499 0 0.215031 0 0 0 0.215031 0 560.472
71.7 1000 0.102917 0 0.675471 144.733 0 -0.0486225 0 0 0 -0.0486225 0 560.972
71.8 1000 0.103291 0 0.706213 145.019 0 -0.644783 0 0 0 -0.644783 0 561.142
71.9 1000 0.121872 0 0.661453 145.152 0 -1.3454 0 0 0 -1.3454 0 562.136
72 1000 0.0951705 0 0.670372 145.066 0 -1.4275 0 0 0 -1.4275 0 562.379
72.1 1000 0.11322 0 0.708417 145.09 0 -1.36657 0 0 0 -1.36657 0 560.92
72.2 1000 0.0999307 0 0.643611 145.795 0 -1.8705 0 0 0 -1.8705 0 562.152
72.3 1000 0.0992521 0 0.615925 145.874 0 -2.6721 0 0 0 -2.6721 0 561.015
72.4 1000 0.0901108 0 0.637589 145.76 0 -2.32434 0 0 0 -2.32434 0 560.281
72.5 1000 0.0936048 0 0.672968 146.113 0 -1.82056 0 0 0 -1.82056 0 561.925
72.6 1000 0.083947 0 0.667617 146.511 0 -2.02648 0 0 0 -2.02648 0 563.85
72.7 1000 0.0883638 0 0.668025 146.734 0 -1.64036 0 0 0 -1.64036 0 565.018
72.8 1000 0.109996 0 0.68326 147.059 0 -1.52324 0 0 0 -1.52324 0 565.655
72.9 1000 0.115326 0 0.670532 147.505 0 -2.10977 0 0 0 -2.10977 0 566.963
73 1000 0.106156 0 0.645505 147.642 0 -1.92745 0 0 0 -1.92745 0 571.339
73.1 1000 0.103584 0 0.649006 147.878 0 -1.85424 0 0 0 -1.85424 0 571.521
73.2 1000 0.108961 0 0.618384 148.263 0 -2.69415 0 0 0 -2.69415 0 572.132
73.3 1000 0.0932188 0 0.617855 148.363 0 -2.72405 0 0 0 -2.72405 0 573.692
73.4 1000 0.0715285 0 0.652223 148.573 0 -2.06049 0 0 0 -2.06049 0 572.799
73.5 1000 0.0512623 0 0.67128 148.938 0 -2.86042 0 0 0 -2.86042 0 573.933
73.6 1000 0.0529983 0 0.660866 149.2 0 -2.61517 0 0 0 -2.61517 0 575.47
73.7 1000 0.0680165 0 0.64429 149.478 0 -3.25077 0 0 0 -3.25077 0 575.36
73.8 1000 0.0702453 0 0.649921 150.052 0 -3.11537 0 0 0 -3.11537 0 576.219
73.9 1000 0.0546583 0 0.608458 150.829 0 -2.70523 0 0 0 -2.70523 0 578.146
74 1000 0.0499463 0 0.581757 150.663 0 -2.76253 0 0 0 -2.76253 0 578.585
74.1 1000 0.0727025 0 0.597873 150.228 0 -2.85388 0 0 0 -2.85388 0 579.649
74.2 1000 0.0637147 0 0.618613 151.004 0 -1.94051 0 0 0 -1.94051 0 581.843
74.3 1000 0.0612288 0 0.604537 150.694 0 -2.51025 0 0 0 -2.51025 0 582.835
74.4 1000 0.0361758 0 0.633032 150.61 0 -2.62905 0 0 0 -2.62905 0 582.615
74.5 1000 0.0315356 0 0.678584 150.547 0 -2.24757 0 0 0 -2.24757 0 581.009
74.6 1000 0.0410601 0 0.696457 150.588 0 -2.00625 0 0 0 -2.00625 0 583.01
74.7 1000 0.0470141 0 0.702363 150.473 0 -1.04261 0 0 0 -1.04261 0 584.154
74.8 1000 0.0524261 0 0.645761 150.749 0 -1.12362 0 0 0 -1.12362 0 586.151
74.9 1000 0.0686683 0 0.628139 151.319 0 -1.65655 0 0 0 -1.65655 0 583.867
75 1000 0.0505707 0 0.576225 152.285 0 -2.39936 0 0 0 -2.39936 0 586.057
75.1 1000 0.0735752 0 0.614415 152.013 0 -1.66993 0 0 0 -1.66993 0 585.503
75.2 1000 0.0658428 0 0.58163 151.777 0 -1.38825 0 0 0 -1.38825 0 583.807
75.3 1000 0.0799797 0 0.551074 152.69 0 -1.93058 0 0 0 -1.93058 0 583.895
75.4 1000 0.0758935 0 0.467294 152.48 0 -2.14455 0 0 0 -2.14455 0 586.368
75.5 1000 0.0962911 0 0.520855 152.758 0 -2.35422 0 0 0 -2.35422 0 587.629
75.6 1000 0.11931 0 0.513066 153.378 0 -2.15026 0 0 0 -2.15026 0 589.586
75.7 1000 0.12316 0 0.51365 153.336 0 -1.44326 0 0 0 -1.44326 0 588.38
75.8 1000 0.126062 0 0.559496 153.103 0 -1.26249 0 0 0 -1.26249 0 590.899
75.9 1000 0.121931 0 0.577855 153.174 0 -1.29225 0 0 0 -1.29225 0 591.764
76 1000 0.125287 0 0.564159 153.672 0 -1.33164 0 0 0 -1.33164 0 594.155
76.1 1000 0.120771 0 0.584024 153.513 0 -1.36266 0 0 0 -1.36266 0 593.473
76.2 1000 0.127696 0 0.530608 153.384 0 -1.64997 0 0 0 -1.64997 0 593.853
76.3 1000 0.137875 0 0.561754 153.827 0 -0.682071 0 0 0 -0.682071 0 594.951
76.4 1000 0.130715 0 0.561724 154.216 0 -0.68092 0 0 0 -0.68092 0 594.729
76.5 1000 0.138404 0 0.513408 153.64 0 -0.501107 0 0 0 -0.501107 0 593.68
76.6 1000 0.110462 0 0.498452 154.217 0 -0.358838 0 0 0 -0.358838 0 593.517
76.7 1000 0.109316 0 0.477085 154.784 0 -0.235686 0 0 0 -0.235686 0 594.173
76.8 1000 0.0998342 0 0.492018 155.064 0 0.0893054 0 0 0 0.0893054 0 595.342
76.9 1000 0.0768158 0 0.50732 155.563 0 0.202027 0 0 0 0.202027 0 593.057
77 1000 0.0996202 0 0.564645 155.204 0 -0.114823 0 0 0 -0.114823 0 593.257
77.1 1000 0.0894455 0 0.547359 155.443 0 -0.377271 0 0 0 -0.377271 0 593.163
77.2 1000 0.0732473 0 0.545767 155.668 0 -0.0180623 0 0 0 -0.0180623 0 595.771
77.3 1000 0.0682846 0 0.561341 155.434 0 -0.495965 0 0 0 -0.495965 0 598.816
77.4 1000 0.0773342 0 0.575414 155.481 0 -0.918055 0 0 0 -0.918055 0 599.253
77.5 1000 0.111317 0 0.570739 155.763 0 -0.194711 0 0 0 -0.194711 0 599.662
77.6 1000 0.13998 0 0.573321 156.087 0 -1.24135 0 0 0 -1.24135 0 599.123
77.7 1000 0.163225 0 0.562436 156.483 0 -1.3268 0 0 0 -1.3268 0 600.851
77.8 1000 0.164133 0 0.616834 156.945 0 -1.23249 0 0 0 -1.23249 0 601.944
77.9 1000 0.185648 0 0.636481 157.241 0 -0.876642 0 0 0 -0.876642 0 604.923
78 1000 0.180089 0 0.64778 157.351 0 -0.52241 0 0 0 -0.52241 0 603.978
78.1 1000 0.19011 0 0.618571 158.02 0 -1.21543 0 0 0 -1.21543 0 605.309
78.2 1000 0.190803 0 0.644408 157.834 0 -0.299192 0 0 0 -0.299192 0 607.325
78.3 1000 0.174715 0 0.614244 158.155 0 -0.23254 0 0 0 -0.23254 0 608.202
78.4 1000 0.18382 0 0.572081 157.913 0 0.300669 0 0 0 0.300669 0 608.187
78.5 1000 0.202885 0 0.565859 158.102 0 1.29553 0 0 0 1.29553 0 609.009
78.6 1000 0.209473 0 0.515287 158.484 0 0.646993 0 0 0 0.646993 0 610.94
78.7 1000 0.218436 0 0.567591 158.607 0 0.984799 0 0 0 0.984799 0 612.887
78.8 1000 0.228139 0 0.573741 158.195 0 1.0816 0 0 0 1.0816 0 616.953
78.9 1000 0.219424 0 0.566718 158.061 0 1.3102 0 0 0 1.3102 0 617.225
79 1000 0.212016 0 0.573292 157.894 0 1.86535 0 0 0 1.86535 0 616.991
79.1 1000 0.20381 0 0.598464 158.065 0 1.75918 0 0 0 1.75918 0 617.831
79.2 1000 0.215807 0 0.597838 158.089 0 1.28542 0 0 0 1.28542 0 617.457
79.3 1000 0.239752 0 0.582074 158.444 0 1.5221 0 0 0 1.5221 0 617.517
79.4 1000 0.215843 0 0.629368 159.028 0 1.43757 0 0 0 1.43757 0 619.327
79.5 1000 0.234563 0 0.619285 158.88 0 1.95279 0 0 0 1.95279 0 619.667
79.6 1000 0.247296 0 0.627148 159.067 0 1.68467 0 0 0 1.68467 0 621.692
79.7 1000 0.231433 0 0.618848 159.269 0 0.974341 0 0 0 0.974341 0 624.374
79.8 1000 0.232298 0 0.65956 159.065 0 0.519952 0 0 0 0.519952 0 625.07
79.9 1000 0.237426 0 0.614642 158.657 0 0.796226 0 0 0 0.796226 0 625.514
80 1000 0.252841 0 0.646993 158.938 0 1.38821 0 0 0 1.38821 0 624.669
80.1 1000 0.256623 0 0.67446 159.235 0 0.888394 0 0 0 0.888394 0 624.323
80.2 1000 0.247525 0 0.607247 159.08 0 1.00336 0 0 0 1.00336 0 623.022
80.3 1000 0.224145 0 0.625537 158.864 0 1.3834 0 0 0 1.3834 0 624.686
80.4 1000 0.218243 0 0.67271 159.413 0 1.35465 0 0 0 1.35465 0 624.973
80.5 1000 0.212076 0 0.632941 159.758 0 1.82502 0 0 0 1.82502 0 623.884
80.6 1000 0.216485 0 0.647737 160.036 0 1.37747 0 0 0 1.37747 0 625.862
80.7 1000 0.223206 0 0.632844 160.711 0 1.33894 0 0 0 1.33894 0 628.729
80.8 1000 0.226251 0 0.626645 160.677 0 0.201976 0 0 0 0.201976 0 631.47
80.9 1000 0.232763 0 0.597459 160.514 0 1.05365 0 0 0 1.05365 0 631.392
81 1000 0.239542 0 0.549406 160.294 0 0.662947 0 0 0 0.662947 0 633.688
81.1 1000 0.251629 0 0.566802 160.73 0 1.0832 0 0 0 1.0832 0 637.612
81.2 1000 0.2566 0 0.564841 160.878 0 1.18169 0 0 0 1.18169 0 638.497
81.3 1000 0.258991 0 0.53613 160.864 0 1.31528 0 0 0 1.31528 0 640.933
81.4 1000 0.259851 0 0.570203 160.966 0 1.09589 0 0 0 1.09589 0 639.619
81.5 1000 0.255026 0 0.557874 160.617 0 0.519808 0 0 0 0.519808 0 640.422
81.6 1000 0.250361 0 0.529365 160.13 0 0.546715 0 0 0 0.546715 0 638.063
81.7 1000 0.247627 0 0.480752 160.237 0 0.735681 0 0 0 0.735681 0 639.389
81.8 1000 0.268686 0 0.512581 160.717 0 0.218851 0 0 0 0.218851 0 640.14
81.9 1000 0.264436 0 0.545488 160.489 0 0.0219634 0 0 0 0.0219634 0 641.835
82 1000 0.277852 0 0.512411 160.94 0 0.308486 0 0 0 0.308486 0 643.57
82.1 1000 0.289833 0 0.51809 161.323 0 -0.0747208 0 0 0 -0.0747208 0 645.954
82.2 1000 0.298832 0 0.540377 161.985 0 -0.195754 0 0 0 -0.195754 0 644.669
82.3 1000 0.312494 0 0.503156 162.467 0 -0.837599 0 0 0 -0.837599 0 645.984
82.4 1000 0.310248 0 0.46652 162.749 0 -1.03137 0 0 0 -1.03137 0 648.029
82.5 1000 0.331551 0 0.494635 162.403 0 -0.531817 0 0 0 -0.531817 0 650.993
82.6 1000 0.345146 0 0.512219 162.699 0 -0.895516 0 0 0 -0.895516 0 651.839
82.7 1000 0.337688 0 0.535827 163.472 0 -1.19008 0 0 0 -1.19008 0 653.279
82.8 1000 0.309403 0 0.519846 164.684 0 -1.51044 0 0 0 -1.51044 0 655.208
82.9 1000 0.308187 0 0.54381 165.05 0 -1.38829 0 0 0 -1.38829 0 655.273
83 1000 0.315876 0 0.555445 165.132 0 -1.65411 0 0 0 -1.65411 0 656.587
83.1 1000 0.334612 0 0.571903 165.632 0 -0.989376 0 0 0 -0.989376 0 656.319
83.2 1000 0.321948 0 0.555308 165.453 0 -1.38442 0 0 0 -1.38442 0 659.413
83.3 1000 0.313649 0 0.598613 165.388 0 -1.33811 0 0 0 -1.33811 0 661.061
83.4 1000 0.321961 0 0.6171 165.42 0 -1.32503 0 0 0 -1.32503 0 659.822
83.5 1000 0.338783 0 0.59675 165.878 0 -1.87981 0 0 0 -1.87981 0 661.56
83.6 1000 0.340414 0 0.649284 166.092 0 -2.16708 0 0 0 -2.16708 0 662.191
83.7 1000 0.329849 0 0.647162 166.502 0 -3.00746 0 0 0 -3.00746 0 664.204
83.8 1000 0.34406 0 0.606882 166.951 0 -3.73175 0 0 0 -3.73175 0 664.905
83.9 1000 0.349739 0 0.601578 167.25 0 -3.01662 0 0 0 -3.01662 0 661.804
84 1000 0.364483 0 0.617805 167.981 0 -2.6399 0 0 0 -2.6399 0 662.148
84.1 1000 0.383126 0 0.590388 168.365 0 -3.47347 0 0 0 -3.47347 0 663.378
84.2 1000 0.368214 0 0.613142 168.35 0 -3.41615 0 0 0 -3.41615 0 664.451
84.3 1000 0.378647 0 0.596176 168.484 0 -3.65317 0 0 0 -3.65317 0 664.971
84.4 1000 0.401072 0 0.613952 169.014 0 -3.3091 0 0 0 -3.3091 0 664.832
84.5 1000 0.405525 0 0.620303 169.186 0 -3.80187 0 0 0 -3.80187 0 664.467
84.6 1000 0.418011 0 0.611508 169.588 0 -2.99799 0 0 0 -2.99799 0 667.731
84.7 1000 0.394131 0 0.583986 169.709 0 -2.40779 0 0 0 -2.40779 0 667.876
84.8 1000 0.393377 0 0.580304 169.989 0 -2.62683 0 0 0 -2.62683 0 666.318
84.9 1000 0.377766 0 0.533509 170.67 0 -2.1277 0 0 0 -2.1277 0 665.923
85 1000 0.370075 0 0.56433 170.534 0 -1.0622 0 0 0 -1.0622 0 665.695
85.1 1000 0.375125 0 0.544753 170.225 0 -0.890664 0 0 0 -0.890664 0 667.005
85.2 1000 0.360646 0 0.550494 170.932 0 -1.65985 0 0 0 -1.65985 0 666.832
85.3 1000 0.358679 0 0.536871 170.834 0 -2.75864 0 0 0 -2.75864 0 666.213
85.4 1000 0.362038 0 0.590217 171.246 0 -3.41472 0 0 0 -3.41472 0 668.57
85.5 1000 0.371397 0 0.586305 171.169 0 -3.8049 0 0 0 -3.8049 0 667.905
85.6 1000 0.378567 0 0.603201 170.85 0 -3.3024 0 0 0 -3.3024 0 668.857
85.7 1000 0.38663 0 0.67041 171.124 0 -2.68137 0 0 0 -2.68137 0 668.167
85.8 1000 0.362515 0 0.693742 171.553 0 -2.17327 0 0 0 -2.17327 0 668.328
85.9 1000 0.358818 0 0.684318 171.569 0 -1.65538 0 0 0 -1.65538 0 672.218
86 1000 0.379093 0 0.698775 172.226 0 -2.02348 0 0 0 -2.02348 0 673.201
86.1 1000 0.379339 0 0.674375 171.999 0 -1.22956 0 0 0 -1.22956 0 676.403
86.2 1000 0.396991 0 0.744712 172.77 0 -1.79468 0 0 0 -1.79468 0 675.533
86.3 1000 0.39916 0 0.693344 172.82 0 -1.83391 0 0 0 -1.83391 0 676.967
86.4 1000 0.401903 0 0.690544 173.034 0 -2.15283 0 0 0 -2.15283 0 678.061
86.5 1000 0.410203 0 0.697261 173.605 0 -1.5491 0 0 0 -1.5491 0 679.134
86.6 1000 0.408334 0 0.697654 173.494 0 -1.32109 0 0 0 -1.32109 0 682.418
86.7 1000 0.397058 0 0.697026 173.904 0 -1.31199 0 0 0 -1.31199 0 682.414
86.8 1000 0.394753 0 0.64659 174.064 0 -1.54099 0 0 0 -1.54099 0 684.991
86.9 1000 0.399281 0 0.649573 174.807 0 -1.98828 0 0 0 -1.98828 0 687.646
87 1000 0.392491 0 0.648752 174.674 0 -1.63743 0 0 0 -1.63743 0 688.727
87.1 1000 0.382906 0 0.620512 175.042 0 -2.12082 0 0 0 -2.12082 0 687.459
87.2 1000 0.369933 0 0.660606 175.619 0 -1.23432 0 0 0 -1.23432 0 689.972
87.3 1000 0.378456 0 0.652918 176.132 0 -1.62448 0 0 0 -1.62448 0 688.407
87.4 1000 0.357234 0 0.642104 176.865 0 -0.241819 0 0 0 -0.241819 0 689.464
87.5 1000 0.364037 0 0.665007 177.162 0 0.438426 0 0 0 0.438426 0 689.578
87.6 1000 0.372839 0 0.687071 176.823 0 -0.0853062 0 0 0 -0.0853062 0 692.738
87.7 1000 0.343686 0 0.666681 176.388 0 0.091654 0 0 0 0.091654 0 696.099
87.8 1000 0.324902 0 0.659196 176.821 0 0.364848 0 0 0 0.364848 0 695.967
87.9 1000 0.317192 0 0.660807 176.86 0 0.826208 0 0 0 0.826208 0 696.574
88 1000 0.306086 0 0.65529 177.808 0 0.422078 0 0 0 0.422078 0 697.248
88.1 1000 0.322364 0 0.649455 178.097 0 0.612546 0 0 0 0.612546 0 700.226
88.2 1000 0.316482 0 0.627506 178.407 0 1.77809 0 0 0 1.77809 0 701.432
88.3 1000 0.320757 0 0.631202 178.463 0 1.99624 0 0 0 1.99624 0 704.316
88.4 1000 0.321706 0 0.625542 178.122 0 1.58539 0 0 0 1.58539 0 703.335
88.5 1000 0.33067 0 0.582574 178.449 0 1.61829 0 0 0 1.61829 0 702.711
88.6 1000 0.296121 0 0.636955 178.094 0 1.34512 0 0 0 1.34512 0 705.489
88.7 1000 0.291864 0 0.620663 178.693 0 1.61752 0 0 0 1.61752 0 707.721
88.8 1000 0.29861 0 0.598239 178.925 0 1.41495 0 0 0 1.41495 0 709.058
88.9 1000 0.295306 0 0.598367 178.416 0 0.475564 0 0 0 0.475564 0 707.095
89 1000 0.291019 0 0.563758 178.98 0 0.582639 0 0 0 0.582639 0 709.614
89.1 1000 0.270996 0 0.540234 179.404 0 1.00649 0 0 0 1.00649 0 710.847
89.2 1000 0.262915 0 0.573269 179.2 0 2.16485 0 0 0 2.16485 0 711.61
89.3 1000 0.265712 0 0.543589 179.241 0 1.693 0 0 0 1.693 0 712.019
89.4 1000 0.236729 0 0.587986 179.183 0 2.00095 0 0 0 2.00095 0 713.635
89.5 1000 0.250006 0 0.57813 179.51 0 2.82715 0 0 0 2.82715 0 715.574
89.6 1000 0.254842 0 0.581965 179.138 0 3.90357 0 0 0 3.90357 0 713.702
89.7 1000 0.265633 0 0.566908 180.242 0 3.89086 0 0 0 3.89086 0 714.292
89.8 1000 0.251286 0 0.570466 180.292 0 4.18911 0 0 0 4.18911 0 713.383
89.9 1000 0.263218 0 0.535769 181.026 0 4.35687 0 0 0 4.35687 0 712.848
90 1000 0.264924 0 0.4779 181.211 0 4.60969 0 0 0 4.60969 0 715.378
90.1 1000 0.260393 0 0.542373 181.2 0 5.00557 0 0 0 5.00557 0 714.855
90.2 1000 0.268531 0 0.541167 181.403 0 5.21679 0 0 0 5.21679 0 715.446
90.3 1000 0.269829 0 0.561121 181.85 0 5.40796 0 0 0 5.40796 0 717.626
90.4 1000 0.277211 0 0.56996 182.046 0 4.8436 0 0 0 4.8436 0 719.7
90.5 1000 0.279013 0 0.592072 183.044 0 4.3805 0 0 0 4.3805 0 721.016
90.6 1000 0.284859 0 0.623266 183.087 0 3.3969 0 0 0 3.3969 0 722.329
90.7 1000 0.294536 0 0.568147 182.977 0 3.74233 0 0 0 3.74233 0 724.788
90.8 1000 0.301147 0 0.588508 183.482 0 3.00238 0 0 0 3.00238 0 723.35
90.9 1000 0.3009 0 0.569158 183.523 0 3.53327 0 0 0 3.53327 0 723.661
91 1000 0.296556 0 0.615482 183.627 0 3.08366 0 0 0 3.08366 0 726.027
91.1 1000 0.275894 0 0.578415 183.383 0 2.24478 0 0 0 2.24478 0 725.825
91.2 1000 0.282634 0 0.592097 182.962 0 1.63237 0 0 0 1.63237 0 729.647
91.3 1000 0.26379 0 0.593282 183.739 0 1.67194 0 0 0 1.67194 0 730.782
91.4 1000 0.266938 0 0.580543 183.788 0 1.74719 0 0 0 1.74719 0 733.787
91.5 1000 0.238143 0 0.552804 183.224 0 2.37367 0 0 0 2.37367 0 732.948
91.6 1000 0.234144 0 0.52817 184.256 0 2.00414 0 0 0 2.00414 0 734.476
91.7 1000 0.228476 0 0.465714 184.25 0 2.19002 0 0 0 2.19002 0 734.286
91.8 1000 0.226068 0 0.447882 184.252 0 1.61509 0 0 0 1.61509 0 736.729
91.9 1000 0.225613 0 0.487979 184.338 0 1.1433 0 0 0 1.1433 0 735.901
92 1000 0.220226 0 0.469741 184.33 0 1.37686 0 0 0 1.37686 0 738.564
92.1 1000 0.193759 0 0.483315 184.61 0 1.45597 0 0 0 1.45597 0 737.703
92.2 1000 0.198835 0 0.506348 184.938 0 2.26775 0 0 0 2.26775 0 738.009
92.3 1000 0.198548 0 0.514157 184.877 0 2.24175 0 0 0 2.24175 0 737.715
92.4 1000 0.205713 0 0.529551 185.42 0 1.35263 0 0 0 1.35263 0 736.202
92.5 1000 0.233466 0 0.495264 185.793 0 1.42099 0 0 0 1.42099 0 737.929
92.6 1000 0.233231 0 0.502449 186.225 0 2.55602 0 0 0 2.55602 0 740.99
92.7 1000 0.240869 0 0.502278 186.676 0 2.21463 0 0 0 2.21463 0 741.339
92.8 1000 0.229503 0 0.565533 186.42 0 2.21061 0 0 0 2.21061 0 741.386
92.9 1000 0.201625 0 0.572429 186.006 0 2.09553 0 0 0 2.09553 0 742.173
93 1000 0.214605 0 0.520844 186.47 0 2.40667 0 0 0 2.40667 0 742.136
93.1 1000 0.229026 0 0.521067 187.025 0 1.59826 0 0 0 1.59826 0 745.165
93.2 1000 0.247898 0 0.524432 186.957 0 1.68881 0 0 0 1.68881 0 745.15
93.3 1000 0.259553 0 0.54052 187.486 0 0.985705 0 0 0 0.985705 0 746.336
93.4 1000 0.274215 0 0.526996 187.764 0 0.967086 0 0 0 0.967086 0 749.181
93.5 1000 0.292056 0 0.566835 187.945 0 1.11646 0 0 0 1.11646 0 749.324
93.6 1000 0.28744 0 0.560522 187.827 0 0.113274 0 0 0 0.113274 0 748.443
93.7 1000 0.305002 0 0.503059 188.125 0 0.253209 0 0 0 0.253209 0 747.343
93.8 1000 0.29907 0 0.504216 187.945 0 1.27453 0 0 0 1.27453 0 747.437
93.9 1000 0.279126 0 0.555124 188.41 0 1.58055 0 0 0 1.58055 0 747.277
94 1000 0.261651 0 0.550259 188.74 0 2.13932 0 0 0 2.13932 0 747.075
94.1 1000 0.261214 0 0.57944 188.994 0 2.37289 0 0 0 2.37289 0 750.028
94.2 1000 0.296538 0 0.583972 188.475 0 2.9858 0 0 0 2.9858 0 751.425
94.3 1000 0.309869 0 0.617373 188.82 0 2.68647 0 0 0 2.68647 0 752.467
94.4 1000 0.311418 0 0.615579 189.277 0 2.65706 0 0 0 2.65706 0 754.524
94.5 1000 0.336219 0 0.653033 189.771 0 2.81597 0 0 0 2.81597 0 757.101
94.6 1000 0.334937 0 0.65652 190.287 0 2.67438 0 0 0 2.67438 0 758.574
94.7 1000 0.322037 0 0.668442 190.701 0 3.561 0 0 0 3.561 0 759.525
94.8 1000 0.328679 0 0.650075 190.807 0 3.50857 0 0 0 3.50857 0 759.264
94.9 1000 0.327384 0 0.611022 191.503 0 3.27315 0 0 0 3.27315 0 759.575
95 1000 0.332938 0 0.645198 191.363 0 3.79073 0 0 0 3.79073 0 760.137
95.1 1000 0.33254 0 0.62785 191.435 0 3.43996 0 0 0 3.43996 0 762.816
95.2 1000 0.322937 0 0.640319 191.596 0 3.14782 0 0 0 3.14782 0 765.443
95.3 1000 0.335529 0 0.621185 191.812 0 4.148 0 0 0 4.148 0 765.556
95.4 1000 0.336764 0 0.594473 192.334 0 3.82152 0 0 0 3.82152 0 766.045
95.5 1000 0.341763 0 0.579377 192.308 0 3.58351 0 0 0 3.58351 0 766.387
95.6 1000 0.352153 0 0.533816 192.672 0 3.98159 0 0 0 3.98159 0 766.985
95.7 1000 0.35811 0 0.531326 193.328 0 4.73716 0 0 0 4.73716 0 768.491
95.8 1000 0.381729 0 0.561199 193.983 0 5.18305 0 0 0 5.18305 0 770.362
95.9 1000 0.367632 0 0.55416 194.059 0 5.72008 0 0 0 5.72008 0 773.108
96 1000 0.350568 0 0.547538 194.834 0 4.87843 0 0 0 4.87843 0 772.763
96.1 1000 0.373855 0 0.564352 194.849 0 5.30012 0 0 0 5.30012 0 772.486
96.2 1000 0.394431 0 0.580506 195.074 0 5.42257 0 0 0 5.42257 0 772.339
96.3 1000 0.375902 0 0.583268 195.912 0 4.36415 0 0 0 4.36415 0 772.731
96.4 1000 0.400433 0 0.621786 195.479 0 4.89266 0 0 0 4.89266 0 773.26
96.5 1000 0.371068 0 0.653214 195.109 0 4.41047 0 0 0 4.41047 0 772.368
96.6 1000 0.386601 0 0.601162 195.388 0 3.60321 0 0 0 3.60321 0 770.264
96.7 1000 0.363931 0 0.5749 195.422 0 3.62792 0 0 0 3.62792 0 775.726
96.8 1000 0.378349 0 0.592837 196.256 0 3.7022 0 0 0 3.7022 0 775.073
96.9 1000 0.367835 0 0.593051 197.186 0 4.21045 0 0 0 4.21045 0 773.708
97 1000 0.352713 0 0.613507 197.713 0 4.57628 0 0 0 4.57628 0 775.222
97.1 1000 0.372946 0 0.657812 197.572 0 4.49303 0 0 0 4.49303 0 777.181
97.2 1000 0.336337 0 0.626018 197.485 0 3.87921 0 0 0 3.87921 0 777.936
97.3 1000 0.334021 0 0.596471 197.47 0 4.18764 0 0 0 4.18764 0 778.605
97.4 1000 0.33653 0 0.565643 197.694 0 3.56477 0 0 0 3.56477 0 781.302
97.5 1000 0.362842 0 0.522162 198.313 0 3.40691 0 0 0 3.40691 0 779.525
97.6 1000 0.360083 0 0.517975 197.97 0 3.58069 0 0 0 3.58069 0 780.79
97.7 1000 0.369163 0 0.528055 198.211 0 3.1103 0 0 0 3.1103 0 781.219
97.8 1000 0.380944 0 0.577948 197.922 0 3.41443 0 0 0 3.41443 0 782.066
97.9 1000 0.368068 0 0.541906 198.315 0 2.67216 0 0 0 2.67216 0 782.879
98 1000 0.374554 0 0.572267 198.438 0 2.22627 0 0 0 2.22627 0 783.115
98.1 1000 0.371187 0 0.543623 199 0 2.44465 0 0 0 2.44465 0 786.091
98.2 1000 0.368723 0 0.566746 199.272 0 2.98016 0 0 0 2.98016 0 788.605
98.3 1000 0.396695 0 0.574211 199.131 0 3.96849 0 0 0 3.96849 0 790.121
98.4 1000 0.384883 0 0.576071 199.474 0 4.32927 0 0 0 4.32927 0 789.9
98.5 1000 0.396986 0 0.558242 199.674 0 4.10165 0 0 0 4.10165 0 791.631
98.6 1000 0.383617 0 0.492462 199.36 0 4.13593 0 0 0 4.13593 0 790.394
98.7 1000 0.375178 0 0.463736 199.034 0 4.01511 0 0 0 4.01511 0 790.833
98.8 1000 0.364641 0 0.482278 199.267 0 4.03401 0 0 0 4.03401 0 789.233
98.9 1000 0.373717 0 0.442632 199.63 0 4.66662 0 0 0 4.66662 0 790.08
99 1000 0.373827 0 0.440959 200.219 0 4.43996 0 0 0 4.43996 0 789.269
99.1 1000 0.380864 0 0.486872 199.887 0 4.50352 0 0 0 4.50352 0 788.354
99.2 1000 0.38223 0 0.454904 200.101 0 3.81715 0 0 0 3.81715 0 789.21
99.3 1000 0.37869 0 0.413219 200.1 0 3.73837 0 0 0 3.73837 0 788.748
99.4 1000 0.353595 0 0.341948 200.67 0 3.50481 0 0 0 3.50481 0 791.557
99.5 1000 0.356835 0 0.362693 200.477 0 3.80217 0 0 0 3.80217 0 790.97
99.6 1000 0.368775 0 0.427058 201.131 0 3.61161 0 0 0 3.61161 0 790.371
99.7 1000 0.365949 0 0.396014 200.745 0 2.72619 0 0 0 2.72619 0 790.719
99.8 1000 0.357242 0 0.323904 201.039 0 2.52665 0 0 0 2.52665 0 789.607
99.9 1000 0.370772 0 0.338676 201.005 0 1.9673 0 0 0 1.9673 0 788.622
100 1000 0.381309 0 0.337982 201.008 0 3.08954 0 0 0 3.08954 0 790.19
