0 0 0 0
0.1 18 1 0
0.2 37 5 0
0.3 46 7 0
0.4 55 8 1
0.5 64 9 1
0.6 69 10 1
0.7 79 14 2
0.8 91 17 2
0.9 94 18 2
1 102 18 2
1.1 105 20 3
1.2 113 21 3
1.3 120 24 3
1.4 123 26 3
1.5 124 28 4
1.6 127 30 4
1.7 133 31 4
1.8 141 33 4
1.9 149 36 4
2 155 38 4
2.1 158 41 4
2.2 161 43 5
2.3 166 47 5
2.4 170 48 5
2.5 172 49 5
2.6 174 50 5
2.7 176 52 5
2.8 179 56 5
2.9 181 58 5
3 184 59 5
3.1 187 60 5
3.2 194 63 5
3.3 198 65 5
3.4 202 67 5
3.5 203 69 5
3.6 203 73 5
3.7 207 75 6
3.8 207 78 6
3.9 208 81 6
4 208 82 6
4.1 212 83 6
4.2 213 87 6
4.3 214 88 7
4.4 215 89 7
4.5 217 92 7
4.6 219 97 7
4.7 223 98 7
4.8 227 101 7
4.9 229 104 7
5 232 105 7
5.1 234 107 7
5.2 234 108 7
5.3 235 111 7
5.4 241 114 7
5.5 243 115 7
5.6 243 118 7
5.7 244 121 7
5.8 245 121 7
5.9 247 123 7
6 247 126 7
6.1 248 128 7
6.2 249 129 7
6.3 253 131 7
6.4 256 131 7
6.5 259 131 7
6.6 261 131 7
6.7 263 131 8
6.8 268 131 8
6.9 270 133 8
7 272 134 8
7.1 277 135 8
7.2 278 137 8
7.3 279 138 8
7.4 280 138 9
7.5 281 139 10
7.6 282 140 10
7.7 284 141 10
7.8 287 141 10
7.9 289 142 10
8 293 143 10
8.1 295 145 10
8.2 296 146 10
8.3 297 146 10
8.4 299 147 10
8.5 302 147 10
8.6 302 148 10
8.7 304 149 10
8.8 307 150 10
8.9 310 151 10
9 310 152 10
9.1 311 154 10
9.2 313 155 11
9.3 314 157 11
9.4 315 159 11
9.5 315 160 11
9.6 317 161 11
9.7 318 161 11
9.8 319 163 11
9.9 319 163 11
10 320 164 12
10.1 321 165 12
10.2 322 166 12
10.3 323 167 12
10.4 327 169 12
10.5 328 169 12
10.6 328 170 12
10.7 331 171 13
10.8 337 175 13
10.9 337 178 13
11 339 179 13
11.1 342 181 13
11.2 345 182 13
11.3 346 182 13
11.4 347 184 13
11.5 351 185 13
11.6 352 185 13
11.7 353 185 13
11.8 354 185 13
11.9 356 187 13
12 359 187 13
12.1 360 187 14
12.2 364 188 15
12.3 366 188 15
12.4 370 191 16
12.5 373 192 16
12.6 375 192 16
12.7 377 193 16
12.8 379 194 17
12.9 379 194 17
13 381 195 17
13.1 384 196 17
13.2 384 196 17
13.3 385 197 17
13.4 386 197 17
13.5 386 198 17
13.6 387 198 17
13.7 388 200 17
13.8 392 202 18
13.9 392 202 18
14 396 202 18
14.1 398 202 18
14.2 398 202 18
14.3 400 203 18
14.4 401 204 18
14.5 401 205 18
14.6 402 207 18
14.7 405 208 18
14.8 407 209 18
14.9 408 209 18
15 409 211 18
15.1 412 213 18
15.2 413 214 18
15.3 415 216 18
15.4 416 216 18
15.5 418 217 18
15.6 418 217 18
15.7 420 220 19
15.8 422 221 19
15.9 425 221 19
16 426 224 20
16.1 428 224 20
16.2 430 227 20
16.3 434 227 20
16.4 434 231 20
16.5 437 231 20
16.6 438 232 20
16.7 440 234 21
16.8 440 235 21
16.9 441 235 21
17 442 236 21
17.1 443 237 21
17.2 444 238 22
17.3 445 239 22
17.4 445 239 22
17.5 448 239 22
17.6 448 241 22
17.7 449 241 23
17.8 449 242 24
17.9 449 243 24
18 451 244 24
18.1 453 246 24
18.2 453 247 24
18.3 453 248 24
18.4 453 250 24
18.5 455 250 24
18.6 457 251 24
18.7 458 252 24
18.8 459 252 24
18.9 460 252 24
19 461 253 24
19.1 461 254 24
19.2 463 256 24
19.3 464 260 24
19.4 465 264 24
19.5 466 264 24
19.6 467 266 24
19.7 469 266 24
19.8 471 266 24
19.9 471 267 25
20 473 268 25
20.1 474 268 25
20.2 475 270 25
20.3 476 270 25
20.4 479 271 25
20.5 480 274 25
20.6 481 276 25
20.7 482 278 25
20.8 483 279 25
20.9 485 281 25
21 485 281 25
21.1 487 282 25
21.2 487 283 25
21.3 490 284 25
21.4 492 285 25
21.5 492 285 25
21.6 493 285 25
21.7 493 285 25
21.8 493 286 26
21.9 493 289 26
22 493 292 26
22.1 494 293 26
22.2 496 293 26
22.3 497 295 26
22.4 497 296 26
22.5 497 296 26
22.6 500 297 27
22.7 501 297 27
22.8 502 298 27
22.9 503 299 27
23 503 299 27
23.1 503 300 27
23.2 505 300 27
23.3 508 300 27
23.4 508 302 28
23.5 512 304 28
23.6 514 304 28
23.7 517 304 28
23.8 517 304 28
23.9 517 304 28
24 519 304 29
24.1 520 304 29
24.2 520 304 29
24.3 522 304 29
24.4 522 306 29
24.5 522 308 29
24.6 525 309 29
24.7 526 310 29
24.8 528 313 29
24.9 528 314 29
25 528 315 29
25.1 531 316 29
25.2 533 316 30
25.3 533 316 30
25.4 533 317 31
25.5 535 318 31
25.6 537 319 31
25.7 537 320 31
25.8 541 320 31
25.9 542 321 31
26 545 322 31
26.1 545 323 31
26.2 546 323 31
26.3 546 325 31
26.4 547 328 31
26.5 549 328 31
26.6 549 330 31
26.7 549 332 31
26.8 551 333 31
26.9 552 334 31
27 554 334 31
27.1 554 334 31
27.2 554 334 31
27.3 556 337 31
27.4 557 338 31
27.5 558 338 31
27.6 558 338 31
27.7 559 338 31
27.8 560 340 31
27.9 562 341 31
28 564 344 31
28.1 568 346 31
28.2 568 347 31
28.3 568 347 31
28.4 571 348 32
28.5 572 350 32
28.6 572 353 32
28.7 572 354 32
28.8 572 354 33
28.9 573 354 33
29 574 355 33
29.1 575 355 33
29.2 575 356 33
29.3 575 356 34
29.4 577 358 35
29.5 578 358 35
29.6 579 359 35
29.7 581 359 35
29.8 581 361 35
29.9 582 362 35
30 584 364 35
30.1 585 364 35
30.2 587 365 35
30.3 590 366 35
30.4 590 366 35
30.5 592 367 35
30.6 594 367 35
30.7 594 369 35
30.8 596 370 35
30.9 598 370 35
31 598 372 35
31.1 598 373 35
31.2 599 374 35
31.3 600 374 35
31.4 601 374 36
31.5 604 375 36
31.6 605 376 36
31.7 606 378 36
31.8 607 380 36
31.9 607 381 36
32 608 383 36
32.1 609 384 36
32.2 612 387 37
32.3 614 387 37
32.4 616 388 37
32.5 616 389 37
32.6 617 389 37
32.7 620 390 37
32.8 622 392 37
32.9 623 392 37
33 623 392 37
33.1 624 392 37
33.2 624 392 37
33.3 625 392 37
33.4 627 392 37
33.5 628 392 37
33.6 628 393 37
33.7 628 393 37
33.8 630 394 37
33.9 631 394 37
34 632 394 37
34.1 633 396 37
34.2 635 396 37
34.3 636 397 37
34.4 638 397 37
34.5 639 397 37
34.6 639 400 37
34.7 641 403 37
34.8 642 404 37
34.9 643 404 37
35 644 405 37
35.1 644 405 37
35.2 644 406 37
35.3 647 407 37
35.4 647 408 37
35.5 647 408 38
35.6 648 408 38
35.7 648 409 38
35.8 650 411 38
35.9 651 412 38
36 651 412 38
36.1 651 413 38
36.2 652 413 38
36.3 654 413 38
36.4 654 416 38
36.5 655 416 38
36.6 655 417 38
36.7 656 418 38
36.8 656 419 38
36.9 656 420 39
37 657 421 39
37.1 658 423 39
37.2 658 424 39
37.3 658 425 39
37.4 661 427 40
37.5 662 427 40
37.6 663 428 40
37.7 664 429 40
37.8 665 430 40
37.9 670 431 40
38 670 432 40
38.1 670 432 40
38.2 670 432 40
38.3 670 432 40
38.4 670 433 40
38.5 671 433 41
38.6 672 433 41
38.7 673 433 41
38.8 675 434 41
38.9 678 435 41
39 679 435 41
39.1 681 435 41
39.2 682 435 43
39.3 682 437 43
39.4 683 437 43
39.5 683 437 43
39.6 684 437 43
39.7 685 437 43
39.8 686 440 43
39.9 686 441 43
40 686 441 43
40.1 686 442 43
40.2 686 444 43
40.3 687 444 43
40.4 688 445 44
40.5 688 446 44
40.6 691 446 44
40.7 692 446 44
40.8 693 446 45
40.9 694 447 45
41 695 447 45
41.1 695 447 46
41.2 696 448 46
41.3 697 448 46
41.4 699 448 46
41.5 699 448 46
41.6 699 449 46
41.7 703 449 46
41.8 704 452 46
41.9 704 453 46
42 704 453 46
42.1 705 455 46
42.2 706 456 46
42.3 707 457 46
42.4 708 459 46
42.5 709 461 46
42.6 711 461 46
42.7 711 461 46
42.8 711 462 46
42.9 711 464 46
43 713 464 46
43.1 715 465 46
43.2 715 466 46
43.3 716 466 46
43.4 716 467 46
43.5 716 469 46
43.6 716 470 46
43.7 717 471 46
43.8 717 472 46
43.9 717 473 46
44 718 473 46
44.1 719 474 46
44.2 720 475 46
44.3 720 475 46
44.4 720 476 46
44.5 721 476 46
44.6 722 476 46
44.7 723 476 46
44.8 724 477 46
44.9 726 477 46
45 726 477 46
45.1 728 477 46
45.2 728 478 46
45.3 728 479 46
45.4 730 479 46
45.5 730 479 46
45.6 732 481 46
45.7 732 481 46
45.8 732 482 46
45.9 733 482 46
46 734 483 46
46.1 736 483 46
46.2 737 483 46
46.3 738 483 46
46.4 738 484 46
46.5 739 484 46
46.6 739 484 46
46.7 741 487 46
46.8 743 488 46
46.9 746 488 46
47 748 488 46
47.1 749 488 46
47.2 751 489 46
47.3 753 489 46
47.4 755 490 46
47.5 755 492 46
47.6 757 492 47
47.7 757 492 47
47.8 757 492 47
47.9 758 494 47
48 759 495 47
48.1 759 496 47
48.2 760 497 47
48.3 762 497 47
48.4 764 498 47
48.5 764 498 47
48.6 765 498 47
48.7 766 499 47
48.8 767 500 47
48.9 768 501 47
49 769 501 47
49.1 769 501 47
49.2 769 501 47
49.3 769 501 47
49.4 770 501 47
49.5 770 502 47
49.6 770 503 47
49.7 770 504 47
49.8 770 504 47
49.9 771 504 47
50 772 504 48
50.1 773 505 48
50.2 773 508 48
50.3 774 508 48
50.4 775 508 48
50.5 778 509 48
50.6 778 510 48
50.7 778 511 48
50.8 780 511 48
50.9 780 513 48
51 780 513 48
51.1 780 513 48
51.2 780 515 48
51.3 782 516 48
51.4 783 518 48
51.5 785 518 48
51.6 785 519 48
51.7 786 519 48
51.8 788 519 48
51.9 788 519 49
52 789 520 49
52.1 789 521 49
52.2 789 521 49
52.3 789 522 50
52.4 790 523 50
52.5 790 525 51
52.6 791 527 51
52.7 791 529 51
52.8 791 530 51
52.9 791 530 51
53 793 531 51
53.1 793 531 51
53.2 795 531 51
53.3 795 532 51
53.4 796 532 51
53.5 796 533 51
53.6 796 533 51
53.7 796 534 51
53.8 796 534 51
53.9 797 535 51
54 797 535 51
54.1 799 535 51
54.2 799 535 51
54.3 800 538 51
54.4 801 538 52
54.5 804 538 52
54.6 805 539 52
54.7 806 540 52
54.8 806 542 52
54.9 808 543 52
55 808 544 52
55.1 809 544 52
55.2 809 545 52
55.3 809 545 52
55.4 809 545 52
55.5 809 545 52
55.6 810 546 52
55.7 811 547 52
55.8 812 548 52
55.9 812 548 52
56 812 548 52
56.1 812 549 52
56.2 814 549 52
56.3 816 550 52
56.4 818 550 52
56.5 818 551 52
56.6 818 552 52
56.7 818 552 52
56.8 818 552 52
56.9 819 552 52
57 820 553 52
57.1 821 553 52
57.2 824 553 52
57.3 825 555 53
57.4 825 555 53
57.5 826 555 53
57.6 828 555 53
57.7 829 556 53
57.8 829 556 53
57.9 830 556 53
58 830 557 53
58.1 831 558 53
58.2 831 559 53
58.3 832 560 53
58.4 834 561 53
58.5 835 561 53
58.6 835 561 53
58.7 836 562 53
58.8 836 563 53
58.9 839 564 53
59 840 564 53
59.1 840 564 53
59.2 841 564 53
59.3 841 566 53
59.4 842 566 53
59.5 842 568 53
59.6 842 568 53
59.7 842 569 54
59.8 842 571 54
59.9 843 572 54
60 845 572 54
60.1 845 572 54
60.2 845 572 55
60.3 846 572 55
60.4 850 572 55
60.5 850 573 55
60.6 850 574 55
60.7 853 574 55
60.8 854 575 55
60.9 855 576 55
61 855 576 55
61.1 857 576 55
61.2 858 578 55
61.3 858 579 55
61.4 859 579 55
61.5 859 580 55
61.6 859 581 55
61.7 859 581 55
61.8 860 581 55
61.9 860 582 55
62 862 583 55
62.1 862 583 57
62.2 863 584 57
62.3 865 586 57
62.4 866 587 57
62.5 866 587 57
62.6 868 588 57
62.7 869 589 57
62.8 869 591 57
62.9 869 591 57
63 869 591 57
63.1 869 593 57
63.15 869 594 57
