0 0 0
0.1 0.71207 1.07005
0.3 1.8935 8.52643
0.4 2.30592 13.7588
0.5 2.83474 19.5713
0.6 3.2907 23.9975
0.7 3.71544 28.6711
0.9 4.62351 47.9257
1 4.89157 52.9145
1.2 5.83462 73.7742
1.3 6.51763 92.6668
1.5 7.61666 129.778
1.6 8.07704 140.065
1.8 8.89806 181.481
2 9.60714 208.98
2.2 10.6841 249.629
2.4 11.3488 271.843
2.6 12.4253 323.951
2.9 14.3334 439.48
3.1 15.0373 475.981
3.4 16.3361 555.965
3.6 17.2152 627.034
3.9 18.1148 736.071
4.2 19.7655 881.51
4.5 21.4929 1041.58
4.8 22.4504 1110.4
5.2 23.7219 1220.47
5.5 25.83 1498.61
5.9 26.5581 1622.48
6.3 28.4542 1916.75
6.7 28.969 2047.99
7.1 30.3078 2207.01
7.6 30.9788 2276.27
8.1 34.1595 2879.33
8.6 36.7541 3309.87
9.1 38.6782 3635.71
9.6 40.6761 3966.85
10.2 42.5344 4212.41
10.8 44.3713 4528.25
11.5 45.8978 4778.74
12.1 46.9293 4922.21
12.8 50.4414 5544.76
13.6 53.1542 6174.72
14.3 57.0068 7042.21
15.2 60.273 7923.49
16 62.3646 8626.17
16.9 67.0194 10056.8
17.9 71.293 11162.2
18.9 74.6863 12496.2
19.9 77.2847 13298.3
21 81.9005 15256.2
22.1 86.5918 16626.8
23.3 90.3636 17748
24.6 95.9468 20306.2
25.9 101.055 22220.8
27.3 104.211 23647.9
28.8 109.303 26426.3
30.3 116.18 30061.3
31.9 122.246 33145.3
33.6 128.209 36150.6
35.4 135.24 39005.9
37.3 143.037 43702.5
39.2 147.231 45645
41.3 155.17 50178.9
43.5 168.469 59942.3
45.7 174.458 64035.4
48.1 183.74 68035.9
50.6 197.148 79358.2
53.2 207.034 85549
56 219.487 98471.5
58.9 233.896 116930
61.9 245.782 129196
65.1 260.052 142177
68.5 270.518 162229
72 281.634 164628
75.7 293.851 181235
79.6 311.264 202996
83.7 327.762 219532
88 340.829 233604
92.5 364.053 257679
