0 1000 1000 0 1000 1000 0 1000 1000 0
0.1 1000 1000 0 999 999 1 759 759 241
0.2 1000 1000 0 999 999 1 736 736 264
0.3 1000 1000 0 997 997 3 704 704 296
0.4 1000 1000 0 995 995 5 683 683 317
0.5 1000 1000 0 993 993 7 667 667 333
0.6 1000 1000 0 993 993 7 657 657 343
0.7 1000 1000 0 991 991 9 641 641 359
0.8 1000 1000 0 991 991 9 631 631 369
0.9 1000 1000 0 988 988 12 627 627 373
1 1000 1000 0 985 985 15 621 621 379
1.1 1000 1000 0 983 983 17 611 611 389
1.2 1000 1000 0 982 982 18 603 603 397
1.3 1000 1000 0 980 980 20 594 594 406
1.4 1000 1000 0 979 979 21 587 587 413
1.5 1000 1000 0 979 979 21 579 579 421
1.6 1000 1000 0 977 977 23 571 571 429
1.7 1000 1000 0 975 975 25 562 562 438
1.8 1000 1000 0 974 974 26 554 554 446
1.9 1000 1000 0 972 972 28 545 545 455
2 1000 1000 0 969 969 31 540 540 460
2.1 1000 1000 0 969 969 31 534 534 466
2.2 1000 1000 0 967 967 33 529 529 471
2.3 1000 1000 0 965 965 35 527 527 473
2.4 1000 1000 0 965 965 35 523 523 477
2.5 999 999 1 964 964 36 515 515 485
2.6 999 999 1 964 964 36 512 512 488
2.7 999 999 1 961 961 39 506 506 494
2.8 997 997 3 960 960 40 501 501 499
2.9 997 997 3 960 960 40 496 496 504
3 997 997 3 958 958 42 493 493 507
3.1 997 997 3 958 958 42 491 491 509
3.2 997 997 3 957 957 43 483 483 517
3.3 997 997 3 957 957 43 479 479 521
3.4 997 997 3 956 956 44 474 474 526
3.5 997 997 3 956 956 44 466 466 534
3.6 997 997 3 956 956 44 465 465 535
3.7 997 997 3 955 955 45 463 463 537
3.8 997 997 3 955 955 45 461 461 539
3.9 997 997 3 955 955 45 457 457 543
4 997 997 3 955 955 45 454 454 546
4.1 997 997 3 955 955 45 452 452 548
4.2 997 997 3 953 953 47 451 451 549
4.3 997 997 3 952 952 48 444 444 556
4.4 997 997 3 951 951 49 438 438 562
4.5 997 997 3 950 950 50 437 437 563
4.6 997 997 3 948 948 52 436 436 564
4.7 997 997 3 946 946 54 433 433 567
4.8 997 997 3 945 945 55 431 431 569
4.9 997 997 3 943 943 57 429 429 571
5 997 997 3 943 943 57 427 427 573
5.1 997 997 3 943 943 57 425 425 575
5.2 997 997 3 943 943 57 420 420 580
5.3 997 997 3 942 942 58 415 415 585
5.4 997 997 3 942 942 58 412 412 588
5.5 997 997 3 939 939 61 408 408 592
5.6 997 997 3 939 939 61 404 404 596
5.7 997 997 3 938 938 62 403 403 597
5.8 997 997 3 938 938 62 402 402 598
5.9 997 997 3 937 937 63 402 402 598
6 997 997 3 937 937 63 401 401 599
6.1 996 996 4 937 937 63 396 396 604
6.2 996 996 4 937 937 63 396 396 604
6.3 996 996 4 937 937 63 394 394 606
6.4 996 996 4 936 936 64 392 392 608
6.5 996 996 4 936 936 64 391 391 609
6.6 996 996 4 934 934 66 389 389 611
6.7 996 996 4 932 932 68 387 387 613
6.8 996 996 4 930 930 70 386 386 614
6.9 995 995 5 930 930 70 385 385 615
7 995 995 5 930 930 70 385 385 615
7.1 995 995 5 930 930 70 379 379 621
7.2 995 995 5 929 929 71 379 379 621
7.3 995 995 5 928 928 72 377 377 623
7.4 995 995 5 928 928 72 376 376 624
7.5 995 995 5 928 928 72 374 374 626
7.6 995 995 5 926 926 74 371 371 629
7.7 995 995 5 924 924 76 366 366 634
7.8 995 995 5 923 923 77 365 365 635
7.9 995 995 5 921 921 79 361 361 639
8 995 995 5 921 921 79 357 357 643
8.1 995 995 5 921 921 79 356 356 644
8.2 994 994 6 919 919 81 354 354 646
8.3 993 993 7 918 918 82 352 352 648
8.4 993 993 7 914 914 86 352 352 648
8.5 993 993 7 912 912 88 349 349 651
8.6 993 993 7 912 912 88 345 345 655
8.7 993 993 7 910 910 90 344 344 656
8.8 993 993 7 909 909 91 342 342 658
8.9 993 993 7 909 909 91 342 342 658
9 993 993 7 909 909 91 340 340 660
9.1 993 993 7 908 908 92 339 339 661
9.2 993 993 7 906 906 94 337 337 663
9.3 993 993 7 906 906 94 336 336 664
9.4 992 992 8 905 905 95 332 332 668
9.5 992 992 8 904 904 96 327 327 673
9.6 992 992 8 902 902 98 325 325 675
9.7 992 992 8 902 902 98 323 323 677
9.8 992 992 8 902 902 98 323 323 677
9.9 992 992 8 902 902 98 322 322 678
10 992 992 8 901 901 99 319 319 681
10.1 991 991 9 900 900 100 318 318 682
10.2 991 991 9 898 898 102 317 317 683
10.3 991 991 9 897 897 103 316 316 684
10.4 991 991 9 897 897 103 313 313 687
10.5 991 991 9 896 896 104 311 311 689
10.6 991 991 9 895 895 105 307 307 693
10.7 991 991 9 894 894 106 307 307 693
10.8 990 990 10 894 894 106 307 307 693
10.9 990 990 10 894 894 106 306 306 694
11 990 990 10 894 894 106 306 306 694
11.1 990 990 10 894 894 106 306 306 694
11.2 990 990 10 893 893 107 304 304 696
11.3 990 990 10 892 892 108 304 304 696
11.4 990 990 10 892 892 108 303 303 697
11.5 990 990 10 891 891 109 301 301 699
11.6 990 990 10 889 889 111 300 300 700
11.7 990 990 10 888 888 112 300 300 700
11.8 990 990 10 887 887 113 297 297 703
11.9 990 990 10 886 886 114 295 295 705
12 990 990 10 885 885 115 294 294 706
12.1 990 990 10 885 885 115 293 293 707
12.2 989 989 11 883 883 117 293 293 707
12.3 989 989 11 882 882 118 292 292 708
12.4 989 989 11 882 882 118 291 291 709
12.5 989 989 11 882 882 118 291 291 709
12.6 989 989 11 882 882 118 290 290 710
12.7 989 989 11 882 882 118 289 289 711
12.8 988 988 12 880 880 120 287 287 713
12.9 988 988 12 879 879 121 286 286 714
13 988 988 12 879 879 121 286 286 714
13.1 988 988 12 877 877 123 286 286 714
13.2 988 988 12 876 876 124 284 284 716
13.3 988 988 12 876 876 124 284 284 716
13.4 988 988 12 876 876 124 283 283 717
13.5 987 987 13 876 876 124 281 281 719
13.6 987 987 13 876 876 124 278 278 722
13.7 987 987 13 875 875 125 277 277 723
13.8 987 987 13 873 873 127 275 275 725
13.9 987 987 13 873 873 127 273 273 727
14 987 987 13 872 872 128 271 271 729
14.1 986 986 14 870 870 130 271 271 729
14.2 986 986 14 869 869 131 270 270 730
14.3 986 986 14 869 869 131 268 268 732
14.4 986 986 14 869 869 131 267 267 733
14.5 986 986 14 867 867 133 267 267 733
14.6 985 985 15 866 866 134 266 266 734
14.7 985 985 15 866 866 134 266 266 734
14.8 985 985 15 866 866 134 264 264 736
14.9 985 985 15 865 865 135 262 262 738
15 985 985 15 865 865 135 261 261 739
15.1 984 984 16 865 865 135 259 259 741
15.2 984 984 16 865 865 135 259 259 741
15.3 984 984 16 865 865 135 259 259 741
15.4 984 984 16 863 863 137 258 258 742
15.5 984 984 16 863 863 137 258 258 742
15.6 984 984 16 862 862 138 255 255 745
15.7 984 984 16 862 862 138 255 255 745
15.8 984 984 16 861 861 139 255 255 745
15.9 983 983 17 861 861 139 255 255 745
16 983 983 17 860 860 140 255 255 745
16.1 983 983 17 859 859 141 255 255 745
16.2 983 983 17 858 858 142 255 255 745
16.3 983 983 17 857 857 143 254 254 746
16.4 983 983 17 857 857 143 252 252 748
16.5 983 983 17 854 854 146 251 251 749
16.6 983 983 17 854 854 146 250 250 750
16.7 983 983 17 852 852 148 250 250 750
16.8 983 983 17 850 850 150 250 250 750
16.9 983 983 17 850 850 150 249 249 751
17 983 983 17 849 849 151 249 249 751
17.1 983 983 17 849 849 151 249 249 751
17.2 983 983 17 849 849 151 248 248 752
17.3 983 983 17 848 848 152 248 248 752
17.4 983 983 17 846 846 154 248 248 752
17.5 983 983 17 844 844 156 247 247 753
17.6 983 983 17 842 842 158 244 244 756
17.7 983 983 17 841 841 159 243 243 757
17.8 983 983 17 840 840 160 242 242 758
17.9 983 983 17 839 839 161 242 242 758
18 983 983 17 839 839 161 241 241 759
18.1 983 983 17 838 838 162 241 241 759
18.2 983 983 17 838 838 162 241 241 759
18.3 983 983 17 836 836 164 241 241 759
18.4 983 983 17 836 836 164 239 239 761
18.5 983 983 17 833 833 167 239 239 761
18.6 983 983 17 832 832 168 238 238 762
18.7 983 983 17 832 832 168 237 237 763
18.8 983 983 17 832 832 168 237 237 763
18.9 983 983 17 832 832 168 236 236 764
19 983 983 17 832 832 168 236 236 764
19.1 983 983 17 832 832 168 235 235 765
19.2 983 983 17 830 830 170 235 235 765
19.3 983 983 17 826 826 174 235 235 765
19.4 982 982 18 825 825 175 234 234 766
19.5 982 982 18 825 825 175 234 234 766
19.6 982 982 18 824 824 176 234 234 766
19.7 982 982 18 824 824 176 234 234 766
19.8 982 982 18 822 822 178 234 234 766
19.9 982 982 18 822 822 178 234 234 766
20 982 982 18 822 822 178 232 232 768
20.1 982 982 18 822 822 178 232 232 768
20.2 982 982 18 821 821 179 232 232 768
20.3 982 982 18 820 820 180 231 231 769
20.4 982 982 18 819 819 181 229 229 771
20.5 982 982 18 819 819 181 228 228 772
20.6 982 982 18 819 819 181 228 228 772
20.7 982 982 18 818 818 182 226 226 774
20.8 982 982 18 817 817 183 225 225 775
20.9 982 982 18 817 817 183 225 225 775
21 982 982 18 816 816 184 225 225 775
21.1 982 982 18 816 816 184 224 224 776
21.2 982 982 18 816 816 184 224 224 776
21.3 982 982 18 816 816 184 224 224 776
21.4 982 982 18 815 815 185 224 224 776
21.5 982 982 18 813 813 187 224 224 776
21.6 981 981 19 811 811 189 224 224 776
21.7 981 981 19 809 809 191 222 222 778
21.8 981 981 19 808 808 192 222 222 778
21.9 981 981 19 808 808 192 222 222 778
22 981 981 19 808 808 192 222 222 778
22.1 981 981 19 807 807 193 221 221 779
22.2 981 981 19 806 806 194 221 221 779
22.3 980 980 20 804 804 196 221 221 779
22.4 980 980 20 800 800 200 220 220 780
22.5 980 980 20 800 800 200 218 218 782
22.6 980 980 20 800 800 200 218 218 782
22.7 980 980 20 800 800 200 218 218 782
22.8 980 980 20 798 798 202 218 218 782
22.9 980 980 20 797 797 203 218 218 782
23 980 980 20 797 797 203 218 218 782
23.1 980 980 20 797 797 203 217 217 783
23.2 980 980 20 797 797 203 216 216 784
23.3 980 980 20 795 795 205 215 215 785
23.4 979 979 21 795 795 205 215 215 785
23.5 979 979 21 795 795 205 215 215 785
23.6 978 978 22 795 795 205 215 215 785
23.7 978 978 22 795 795 205 215 215 785
23.8 978 978 22 795 795 205 215 215 785
23.9 977 977 23 795 795 205 215 215 785
24 977 977 23 795 795 205 213 213 787
24.1 976 976 24 795 795 205 213 213 787
24.2 976 976 24 794 794 206 213 213 787
24.3 976 976 24 794 794 206 213 213 787
24.4 976 976 24 794 794 206 213 213 787
24.5 976 976 24 793 793 207 212 212 788
24.6 976 976 24 792 792 208 212 212 788
24.7 976 976 24 790 790 210 212 212 788
24.8 976 976 24 790 790 210 210 210 790
24.9 976 976 24 789 789 211 210 210 790
25 976 976 24 788 788 212 206 206 794
25.1 976 976 24 787 787 213 206 206 794
25.2 976 976 24 785 785 215 206 206 794
25.3 976 976 24 785 785 215 206 206 794
25.4 975 975 25 785 785 215 206 206 794
25.5 975 975 25 783 783 217 206 206 794
25.6 974 974 26 783 783 217 205 205 795
25.7 974 974 26 783 783 217 204 204 796
25.8 974 974 26 783 783 217 202 202 798
25.9 974 974 26 783 783 217 202 202 798
26 974 974 26 782 782 218 202 202 798
26.1 974 974 26 782 782 218 202 202 798
26.2 974 974 26 782 782 218 202 202 798
26.3 974 974 26 781 781 219 202 202 798
26.4 974 974 26 780 780 220 202 202 798
26.5 974 974 26 779 779 221 201 201 799
26.6 974 974 26 779 779 221 200 200 800
26.7 973 973 27 778 778 222 200 200 800
26.8 973 973 27 775 775 225 200 200 800
26.9 973 973 27 774 774 226 200 200 800
27 972 972 28 771 771 229 199 199 801
27.1 972 972 28 771 771 229 197 197 803
27.2 972 972 28 770 770 230 197 197 803
27.3 972 972 28 769 769 231 197 197 803
27.4 972 972 28 768 768 232 197 197 803
27.5 972 972 28 766 766 234 197 197 803
27.6 972 972 28 766 766 234 197 197 803
27.7 972 972 28 765 765 235 197 197 803
27.8 972 972 28 765 765 235 197 197 803
27.9 972 972 28 765 765 235 197 197 803
28 972 972 28 765 765 235 196 196 804
28.1 972 972 28 765 765 235 196 196 804
28.2 972 972 28 763 763 237 195 195 805
28.3 972 972 28 763 763 237 194 194 806
28.4 972 972 28 763 763 237 193 193 807
28.5 972 972 28 763 763 237 193 193 807
28.6 972 972 28 763 763 237 193 193 807
28.7 972 972 28 763 763 237 193 193 807
28.8 972 972 28 763 763 237 193 193 807
28.9 971 971 29 762 762 238 192 192 808
29 971 971 29 762 762 238 191 191 809
29.1 971 971 29 762 762 238 191 191 809
29.2 971 971 29 761 761 239 191 191 809
29.3 971 971 29 761 761 239 191 191 809
29.4 971 971 29 761 761 239 191 191 809
29.5 971 971 29 761 761 239 191 191 809
29.6 971 971 29 761 761 239 191 191 809
29.7 971 971 29 761 761 239 191 191 809
29.8 971 971 29 761 761 239 191 191 809
29.9 971 971 29 759 759 241 191 191 809
30 971 971 29 759 759 241 191 191 809
30.1 971 971 29 758 758 242 190 190 810
30.2 971 971 29 758 758 242 190 190 810
30.3 971 971 29 757 757 243 190 190 810
30.4 971 971 29 756 756 244 190 190 810
30.5 971 971 29 755 755 245 189 189 811
30.6 970 970 30 753 753 247 189 189 811
30.7 969 969 31 753 753 247 188 188 812
30.8 969 969 31 753 753 247 188 188 812
30.9 969 969 31 752 752 248 187 187 813
31 969 969 31 752 752 248 186 186 814
31.1 968 968 32 752 752 248 186 186 814
31.2 968 968 32 752 752 248 186 186 814
31.3 968 968 32 752 752 248 185 185 815
31.4 968 968 32 752 752 248 185 185 815
31.5 968 968 32 751 751 249 185 185 815
31.6 968 968 32 751 751 249 185 185 815
31.7 968 968 32 750 750 250 185 185 815
31.8 968 968 32 749 749 251 185 185 815
31.9 968 968 32 748 748 252 185 185 815
32 968 968 32 747 747 253 185 185 815
32.1 968 968 32 747 747 253 184 184 816
32.2 968 968 32 746 746 254 183 183 817
32.3 968 968 32 746 746 254 182 182 818
32.4 968 968 32 745 745 255 182 182 818
32.5 968 968 32 744 744 256 181 181 819
32.6 968 968 32 743 743 257 181 181 819
32.7 968 968 32 743 743 257 181 181 819
32.8 967 967 33 741 741 259 181 181 819
32.9 966 966 34 740 740 260 181 181 819
33 966 966 34 740 740 260 181 181 819
33.1 965 965 35 740 740 260 181 181 819
33.2 965 965 35 739 739 261 180 180 820
33.3 965 965 35 738 738 262 180 180 820
33.4 965 965 35 738 738 262 180 180 820
33.5 965 965 35 738 738 262 179 179 821
33.6 965 965 35 738 738 262 179 179 821
33.7 964 964 36 738 738 262 179 179 821
33.8 964 964 36 735 735 265 179 179 821
33.9 964 964 36 734 734 266 179 179 821
34 964 964 36 734 734 266 179 179 821
34.1 962 962 38 732 732 268 179 179 821
34.2 962 962 38 731 731 269 179 179 821
34.3 962 962 38 731 731 269 178 178 822
34.4 962 962 38 731 731 269 177 177 823
34.5 962 962 38 728 728 272 177 177 823
34.6 962 962 38 727 727 273 177 177 823
34.7 962 962 38 726 726 274 177 177 823
34.8 962 962 38 726 726 274 176 176 824
34.9 962 962 38 725 725 275 176 176 824
35 962 962 38 725 725 275 176 176 824
35.1 962 962 38 723 723 277 176 176 824
35.2 962 962 38 722 722 278 174 174 826
35.3 962 962 38 720 720 280 174 174 826
35.4 962 962 38 719 719 281 174 174 826
35.5 962 962 38 719 719 281 174 174 826
35.6 962 962 38 717 717 283 173 173 827
35.7 961 961 39 717 717 283 173 173 827
35.8 961 961 39 717 717 283 173 173 827
35.9 961 961 39 717 717 283 173 173 827
36 961 961 39 716 716 284 173 173 827
36.1 961 961 39 716 716 284 173 173 827
36.2 961 961 39 716 716 284 173 173 827
36.3 961 961 39 716 716 284 173 173 827
36.4 961 961 39 715 715 285 173 173 827
36.5 960 960 40 713 713 287 173 173 827
36.6 960 960 40 713 713 287 173 173 827
36.7 960 960 40 712 712 288 172 172 828
36.8 960 960 40 711 711 289 172 172 828
36.9 960 960 40 711 711 289 172 172 828
37 960 960 40 710 710 290 172 172 828
37.1 960 960 40 709 709 291 172 172 828
37.2 960 960 40 707 707 293 171 171 829
37.3 960 960 40 705 705 295 171 171 829
37.4 959 959 41 705 705 295 171 171 829
37.5 958 958 42 704 704 296 171 171 829
37.6 958 958 42 704 704 296 171 171 829
37.7 958 958 42 704 704 296 171 171 829
37.8 957 957 43 704 704 296 171 171 829
37.9 957 957 43 704 704 296 171 171 829
38 957 957 43 703 703 297 171 171 829
38.1 957 957 43 702 702 298 171 171 829
38.2 957 957 43 702 702 298 171 171 829
38.3 957 957 43 701 701 299 171 171 829
38.4 957 957 43 701 701 299 171 171 829
38.5 956 956 44 699 699 301 171 171 829
38.6 956 956 44 698 698 302 171 171 829
38.7 956 956 44 698 698 302 171 171 829
38.8 956 956 44 697 697 303 171 171 829
38.9 956 956 44 697 697 303 171 171 829
39 956 956 44 696 696 304 171 171 829
39.1 956 956 44 696 696 304 171 171 829
39.2 956 956 44 696 696 304 171 171 829
39.3 956 956 44 696 696 304 171 171 829
39.4 956 956 44 694 694 306 171 171 829
39.5 956 956 44 694 694 306 170 170 830
39.6 956 956 44 694 694 306 169 169 831
39.7 956 956 44 693 693 307 168 168 832
39.8 956 956 44 693 693 307 168 168 832
39.9 956 956 44 691 691 309 168 168 832
40 956 956 44 690 690 310 168 168 832
40.1 956 956 44 688 688 312 168 168 832
40.2 956 956 44 686 686 314 168 168 832
40.3 956 956 44 685 685 315 168 168 832
40.4 956 956 44 685 685 315 168 168 832
40.5 956 956 44 685 685 315 168 168 832
40.6 956 956 44 685 685 315 168 168 832
40.7 956 956 44 685 685 315 168 168 832
40.8 956 956 44 684 684 316 168 168 832
40.9 956 956 44 684 684 316 167 167 833
41 956 956 44 684 684 316 166 166 834
41.1 956 956 44 684 684 316 165 165 835
41.2 956 956 44 684 684 316 165 165 835
41.3 956 956 44 684 684 316 165 165 835
41.4 956 956 44 684 684 316 165 165 835
41.5 956 956 44 683 683 317 165 165 835
41.6 956 956 44 682 682 318 165 165 835
41.7 956 956 44 680 680 320 165 165 835
41.8 956 956 44 680 680 320 165 165 835
41.9 956 956 44 678 678 322 165 165 835
42 956 956 44 677 677 323 165 165 835
42.1 955 955 45 676 676 324 165 165 835
42.2 955 955 45 676 676 324 165 165 835
42.3 955 955 45 676 676 324 165 165 835
42.4 955 955 45 676 676 324 164 164 836
42.5 955 955 45 675 675 325 164 164 836
42.6 955 955 45 672 672 328 164 164 836
42.7 955 955 45 672 672 328 164 164 836
42.8 955 955 45 671 671 329 164 164 836
42.9 955 955 45 668 668 332 164 164 836
43 954 954 46 666 666 334 164 164 836
43.1 954 954 46 666 666 334 164 164 836
43.2 954 954 46 666 666 334 164 164 836
43.3 954 954 46 666 666 334 164 164 836
43.4 954 954 46 666 666 334 164 164 836
43.5 954 954 46 666 666 334 164 164 836
43.6 954 954 46 665 665 335 164 164 836
43.7 954 954 46 665 665 335 163 163 837
43.8 954 954 46 665 665 335 163 163 837
43.9 954 954 46 665 665 335 161 161 839
44 954 954 46 665 665 335 161 161 839
44.1 954 954 46 665 665 335 161 161 839
44.2 954 954 46 665 665 335 161 161 839
44.3 954 954 46 664 664 336 161 161 839
44.4 954 954 46 664 664 336 161 161 839
44.5 954 954 46 663 663 337 161 161 839
44.6 953 953 47 662 662 338 159 159 841
44.7 953 953 47 662 662 338 159 159 841
44.8 953 953 47 662 662 338 158 158 842
44.9 953 953 47 661 661 339 158 158 842
45 953 953 47 660 660 340 158 158 842
45.1 953 953 47 660 660 340 158 158 842
45.2 952 952 48 660 660 340 158 158 842
45.3 951 951 49 660 660 340 158 158 842
45.4 951 951 49 659 659 341 157 157 843
45.5 951 951 49 659 659 341 157 157 843
45.6 951 951 49 659 659 341 156 156 844
45.7 951 951 49 658 658 342 156 156 844
45.8 951 951 49 658 658 342 155 155 845
45.9 951 951 49 658 658 342 155 155 845
46 950 950 50 657 657 343 155 155 845
46.1 950 950 50 657 657 343 155 155 845
46.2 950 950 50 655 655 345 155 155 845
46.3 950 950 50 655 655 345 155 155 845
46.4 950 950 50 655 655 345 155 155 845
46.5 949 949 51 655 655 345 155 155 845
46.6 949 949 51 654 654 346 155 155 845
46.7 949 949 51 652 652 348 155 155 845
46.8 948 948 52 651 651 349 155 155 845
46.9 948 948 52 647 647 353 154 154 846
47 948 948 52 645 645 355 154 154 846
47.1 946 946 54 645 645 355 154 154 846
47.2 946 946 54 644 644 356 154 154 846
47.3 946 946 54 644 644 356 154 154 846
47.4 946 946 54 644 644 356 154 154 846
47.5 946 946 54 643 643 357 154 154 846
47.6 946 946 54 643 643 357 154 154 846
47.7 946 946 54 643 643 357 154 154 846
47.8 946 946 54 642 642 358 154 154 846
47.9 946 946 54 642 642 358 154 154 846
48 946 946 54 642 642 358 154 154 846
48.1 946 946 54 642 642 358 154 154 846
48.2 946 946 54 642 642 358 154 154 846
48.3 946 946 54 642 642 358 154 154 846
48.4 946 946 54 642 642 358 154 154 846
48.5 946 946 54 641 641 359 154 154 846
48.6 946 946 54 641 641 359 154 154 846
48.7 946 946 54 641 641 359 154 154 846
48.8 946 946 54 641 641 359 154 154 846
48.9 946 946 54 641 641 359 154 154 846
49 946 946 54 641 641 359 154 154 846
49.1 946 946 54 641 641 359 154 154 846
49.2 946 946 54 641 641 359 154 154 846
49.3 946 946 54 640 640 360 154 154 846
49.4 946 946 54 640 640 360 154 154 846
49.5 945 945 55 640 640 360 153 153 847
49.6 945 945 55 640 640 360 153 153 847
49.7 945 945 55 639 639 361 152 152 848
49.8 945 945 55 639 639 361 152 152 848
49.9 945 945 55 639 639 361 152 152 848
50 945 945 55 638 638 362 152 152 848
50.1 945 945 55 638 638 362 152 152 848
50.2 944 944 56 638 638 362 152 152 848
50.3 944 944 56 636 636 364 152 152 848
50.4 944 944 56 635 635 365 152 152 848
50.5 944 944 56 634 634 366 152 152 848
50.6 944 944 56 633 633 367 151 151 849
50.7 944 944 56 633 633 367 151 151 849
50.8 944 944 56 633 633 367 151 151 849
50.9 944 944 56 632 632 368 151 151 849
51 944 944 56 631 631 369 151 151 849
51.1 944 944 56 631 631 369 151 151 849
51.2 944 944 56 630 630 370 150 150 850
51.3 944 944 56 630 630 370 150 150 850
51.4 944 944 56 630 630 370 150 150 850
51.5 944 944 56 629 629 371 150 150 850
51.6 944 944 56 628 628 372 150 150 850
51.7 944 944 56 628 628 372 150 150 850
51.8 944 944 56 628 628 372 150 150 850
51.9 944 944 56 628 628 372 149 149 851
52 944 944 56 628 628 372 149 149 851
52.1 944 944 56 628 628 372 149 149 851
52.2 944 944 56 628 628 372 149 149 851
52.3 944 944 56 628 628 372 149 149 851
52.4 944 944 56 628 628 372 149 149 851
52.5 944 944 56 628 628 372 149 149 851
52.6 944 944 56 627 627 373 149 149 851
52.7 944 944 56 627 627 373 149 149 851
52.8 944 944 56 626 626 374 149 149 851
52.9 944 944 56 626 626 374 149 149 851
53 944 944 56 626 626 374 149 149 851
53.1 944 944 56 625 625 375 148 148 852
53.2 944 944 56 624 624 376 148 148 852
53.3 944 944 56 624 624 376 148 148 852
53.4 944 944 56 622 622 378 147 147 853
53.5 944 944 56 622 622 378 146 146 854
53.6 944 944 56 622 622 378 146 146 854
53.7 944 944 56 621 621 379 146 146 854
53.8 944 944 56 621 621 379 146 146 854
53.9 944 944 56 619 619 381 146 146 854
54 944 944 56 619 619 381 146 146 854
54.1 944 944 56 619 619 381 146 146 854
54.2 944 944 56 619 619 381 145 145 855
54.3 944 944 56 619 619 381 145 145 855
54.4 944 944 56 619 619 381 145 145 855
54.5 944 944 56 619 619 381 145 145 855
54.6 944 944 56 619 619 381 145 145 855
54.7 944 944 56 618 618 382 144 144 856
54.8 944 944 56 618 618 382 144 144 856
54.9 944 944 56 618 618 382 144 144 856
55 944 944 56 618 618 382 143 143 857
55.1 944 944 56 616 616 384 143 143 857
55.2 944 944 56 616 616 384 143 143 857
55.3 944 944 56 616 616 384 143 143 857
55.4 943 943 57 613 613 387 143 143 857
55.5 943 943 57 611 611 389 143 143 857
55.6 942 942 58 611 611 389 143 143 857
55.7 942 942 58 611 611 389 143 143 857
55.8 942 942 58 611 611 389 143 143 857
55.9 942 942 58 610 610 390 143 143 857
56 942 942 58 610 610 390 143 143 857
56.1 942 942 58 610 610 390 143 143 857
56.2 942 942 58 610 610 390 143 143 857
56.3 942 942 58 610 610 390 143 143 857
56.4 942 942 58 610 610 390 143 143 857
56.5 942 942 58 610 610 390 142 142 858
56.6 942 942 58 607 607 393 142 142 858
56.7 941 941 59 607 607 393 142 142 858
56.8 941 941 59 607 607 393 142 142 858
56.9 941 941 59 607 607 393 141 141 859
57 941 941 59 607 607 393 141 141 859
57.1 941 941 59 606 606 394 141 141 859
57.2 941 941 59 606 606 394 141 141 859
57.3 940 940 60 605 605 395 141 141 859
57.4 940 940 60 605 605 395 141 141 859
57.5 940 940 60 605 605 395 141 141 859
57.6 940 940 60 605 605 395 141 141 859
57.7 940 940 60 605 605 395 141 141 859
57.8 940 940 60 602 602 398 140 140 860
57.9 940 940 60 601 601 399 140 140 860
58 940 940 60 601 601 399 140 140 860
58.1 940 940 60 601 601 399 140 140 860
58.2 940 940 60 601 601 399 140 140 860
58.3 940 940 60 600 600 400 140 140 860
58.4 940 940 60 600 600 400 140 140 860
58.5 940 940 60 600 600 400 140 140 860
58.6 940 940 60 598 598 402 140 140 860
58.7 940 940 60 598 598 402 140 140 860
58.8 940 940 60 598 598 402 139 139 861
58.9 940 940 60 598 598 402 139 139 861
59 939 939 61 597 597 403 139 139 861
59.1 939 939 61 597 597 403 139 139 861
59.2 939 939 61 596 596 404 139 139 861
59.3 939 939 61 595 595 405 139 139 861
59.4 939 939 61 595 595 405 139 139 861
59.5 939 939 61 595 595 405 139 139 861
59.6 939 939 61 595 595 405 139 139 861
59.7 939 939 61 594 594 406 139 139 861
59.8 939 939 61 593 593 407 139 139 861
59.9 939 939 61 593 593 407 139 139 861
60 939 939 61 593 593 407 139 139 861
60.1 939 939 61 593 593 407 139 139 861
60.2 938 938 62 593 593 407 139 139 861
60.3 938 938 62 591 591 409 138 138 862
60.4 938 938 62 591 591 409 138 138 862
60.5 938 938 62 591 591 409 138 138 862
60.6 938 938 62 591 591 409 138 138 862
60.7 938 938 62 591 591 409 137 137 863
60.8 938 938 62 591 591 409 137 137 863
60.9 938 938 62 591 591 409 137 137 863
61 938 938 62 591 591 409 137 137 863
61.1 938 938 62 591 591 409 134 134 866
61.2 938 938 62 591 591 409 134 134 866
61.3 938 938 62 591 591 409 134 134 866
61.4 938 938 62 591 591 409 134 134 866
61.5 938 938 62 589 589 411 134 134 866
61.6 938 938 62 589 589 411 133 133 867
61.7 935 935 65 587 587 413 133 133 867
61.8 935 935 65 587 587 413 133 133 867
61.9 935 935 65 587 587 413 132 132 868
62 935 935 65 587 587 413 132 132 868
62.1 935 935 65 587 587 413 132 132 868
62.2 935 935 65 587 587 413 132 132 868
62.3 935 935 65 587 587 413 132 132 868
62.4 935 935 65 587 587 413 132 132 868
62.5 935 935 65 586 586 414 132 132 868
62.6 935 935 65 586 586 414 132 132 868
62.7 935 935 65 586 586 414 132 132 868
62.8 935 935 65 586 586 414 132 132 868
62.9 935 935 65 585 585 415 132 132 868
63 935 935 65 585 585 415 129 129 871
63.1 934 934 66 585 585 415 129 129 871
63.2 934 934 66 585 585 415 129 129 871
63.3 934 934 66 585 585 415 129 129 871
63.4 934 934 66 585 585 415 129 129 871
63.5 934 934 66 585 585 415 129 129 871
63.6 934 934 66 585 585 415 128 128 872
63.7 934 934 66 584 584 416 128 128 872
63.8 934 934 66 584 584 416 127 127 873
63.9 934 934 66 583 583 417 127 127 873
64 933 933 67 582 582 418 127 127 873
64.1 933 933 67 582 582 418 126 126 874
64.2 933 933 67 581 581 419 126 126 874
64.3 933 933 67 580 580 420 124 124 876
64.4 932 932 68 580 580 420 124 124 876
64.5 932 932 68 577 577 423 124 124 876
64.6 932 932 68 577 577 423 124 124 876
64.7 932 932 68 577 577 423 124 124 876
64.8 932 932 68 577 577 423 124 124 876
64.9 932 932 68 577 577 423 124 124 876
65 932 932 68 577 577 423 124 124 876
65.1 932 932 68 577 577 423 123 123 877
65.2 932 932 68 577 577 423 123 123 877
65.3 932 932 68 577 577 423 123 123 877
65.4 932 932 68 576 576 424 123 123 877
65.5 932 932 68 575 575 425 123 123 877
65.6 932 932 68 575 575 425 123 123 877
65.7 932 932 68 574 574 426 123 123 877
65.8 932 932 68 574 574 426 123 123 877
65.9 932 932 68 574 574 426 122 122 878
66 932 932 68 574 574 426 122 122 878
66.1 932 932 68 574 574 426 122 122 878
66.2 932 932 68 574 574 426 122 122 878
66.3 931 931 69 574 574 426 122 122 878
66.4 931 931 69 574 574 426 122 122 878
66.5 931 931 69 574 574 426 122 122 878
66.6 931 931 69 574 574 426 121 121 879
66.7 931 931 69 573 573 427 121 121 879
66.8 931 931 69 572 572 428 121 121 879
66.9 931 931 69 572 572 428 120 120 880
67 931 931 69 571 571 429 120 120 880
67.1 931 931 69 571 571 429 120 120 880
67.2 931 931 69 571 571 429 120 120 880
67.3 931 931 69 570 570 430 120 120 880
67.4 931 931 69 570 570 430 120 120 880
67.5 931 931 69 570 570 430 120 120 880
67.6 931 931 69 570 570 430 120 120 880
67.7 931 931 69 570 570 430 120 120 880
67.8 931 931 69 570 570 430 120 120 880
67.9 931 931 69 570 570 430 120 120 880
68 931 931 69 570 570 430 120 120 880
68.1 931 931 69 569 569 431 120 120 880
68.2 931 931 69 568 568 432 120 120 880
68.3 931 931 69 568 568 432 120 120 880
68.4 931 931 69 568 568 432 120 120 880
68.5 931 931 69 568 568 432 120 120 880
68.6 931 931 69 568 568 432 120 120 880
68.7 930 930 70 568 568 432 120 120 880
68.8 930 930 70 568 568 432 120 120 880
68.9 930 930 70 568 568 432 120 120 880
69 930 930 70 567 567 433 119 119 881
69.1 930 930 70 567 567 433 119 119 881
69.2 930 930 70 566 566 434 119 119 881
69.3 930 930 70 566 566 434 118 118 882
69.4 929 929 71 566 566 434 118 118 882
69.5 928 928 72 565 565 435 118 118 882
69.6 928 928 72 565 565 435 118 118 882
69.7 927 927 73 565 565 435 118 118 882
69.8 927 927 73 565 565 435 118 118 882
69.9 927 927 73 565 565 435 118 118 882
70 927 927 73 564 564 436 117 117 883
70.1 927 927 73 564 564 436 117 117 883
70.2 927 927 73 563 563 437 117 117 883
70.3 927 927 73 563 563 437 117 117 883
70.4 927 927 73 563 563 437 117 117 883
70.5 927 927 73 563 563 437 117 117 883
70.6 927 927 73 563 563 437 117 117 883
70.7 927 927 73 562 562 438 117 117 883
70.8 927 927 73 562 562 438 117 117 883
70.9 927 927 73 561 561 439 117 117 883
71 927 927 73 561 561 439 117 117 883
71.1 927 927 73 560 560 440 117 117 883
71.2 927 927 73 560 560 440 117 117 883
71.3 927 927 73 560 560 440 117 117 883
71.4 927 927 73 560 560 440 117 117 883
71.5 927 927 73 560 560 440 117 117 883
71.6 927 927 73 560 560 440 117 117 883
71.7 926 926 74 560 560 440 117 117 883
71.8 926 926 74 560 560 440 117 117 883
71.9 926 926 74 560 560 440 117 117 883
72 926 926 74 559 559 441 117 117 883
72.1 926 926 74 559 559 441 117 117 883
72.2 926 926 74 559 559 441 117 117 883
72.3 925 925 75 559 559 441 117 117 883
72.4 925 925 75 559 559 441 117 117 883
72.5 925 925 75 557 557 443 117 117 883
72.6 925 925 75 557 557 443 117 117 883
72.7 925 925 75 557 557 443 117 117 883
72.8 925 925 75 556 556 444 117 117 883
72.9 925 925 75 556 556 444 117 117 883
73 925 925 75 556 556 444 117 117 883
73.1 925 925 75 555 555 445 117 117 883
73.2 925 925 75 555 555 445 117 117 883
73.3 925 925 75 555 555 445 117 117 883
73.4 925 925 75 554 554 446 117 117 883
73.5 925 925 75 554 554 446 117 117 883
73.6 925 925 75 554 554 446 117 117 883
73.7 925 925 75 553 553 447 117 117 883
73.8 925 925 75 553 553 447 117 117 883
73.9 925 925 75 553 553 447 117 117 883
74 925 925 75 553 553 447 117 117 883
74.1 924 924 76 552 552 448 117 117 883
74.2 923 923 77 551 551 449 117 117 883
74.3 923 923 77 551 551 449 117 117 883
74.4 923 923 77 551 551 449 117 117 883
74.5 923 923 77 551 551 449 117 117 883
74.6 923 923 77 550 550 450 117 117 883
74.7 923 923 77 550 550 450 117 117 883
74.8 923 923 77 550 550 450 117 117 883
74.9 923 923 77 550 550 450 115 115 885
75 923 923 77 550 550 450 114 114 886
75.1 923 923 77 550 550 450 114 114 886
75.2 923 923 77 550 550 450 114 114 886
75.3 923 923 77 550 550 450 114 114 886
75.4 923 923 77 550 550 450 114 114 886
75.5 923 923 77 550 550 450 114 114 886
75.6 923 923 77 550 550 450 114 114 886
75.7 923 923 77 549 549 451 114 114 886
75.8 922 922 78 549 549 451 114 114 886
75.9 922 922 78 548 548 452 114 114 886
76 922 922 78 548 548 452 114 114 886
76.1 922 922 78 548 548 452 114 114 886
76.2 922 922 78 548 548 452 114 114 886
76.3 922 922 78 548 548 452 114 114 886
76.4 922 922 78 548 548 452 114 114 886
76.5 922 922 78 548 548 452 114 114 886
76.6 922 922 78 548 548 452 114 114 886
76.7 922 922 78 548 548 452 114 114 886
76.8 922 922 78 548 548 452 114 114 886
76.9 922 922 78 548 548 452 114 114 886
77 922 922 78 548 548 452 114 114 886
77.1 922 922 78 548 548 452 114 114 886
77.2 922 922 78 548 548 452 114 114 886
77.3 922 922 78 548 548 452 114 114 886
77.4 921 921 79 546 546 454 114 114 886
77.5 921 921 79 546 546 454 114 114 886
77.6 921 921 79 546 546 454 114 114 886
77.7 921 921 79 546 546 454 114 114 886
77.8 921 921 79 546 546 454 114 114 886
77.9 921 921 79 545 545 455 114 114 886
78 921 921 79 545 545 455 114 114 886
78.1 921 921 79 544 544 456 113 113 887
78.2 921 921 79 543 543 457 113 113 887
78.3 921 921 79 543 543 457 113 113 887
78.4 921 921 79 543 543 457 113 113 887
78.5 921 921 79 543 543 457 113 113 887
78.6 921 921 79 543 543 457 113 113 887
78.7 921 921 79 543 543 457 112 112 888
78.8 920 920 80 543 543 457 112 112 888
78.9 920 920 80 543 543 457 112 112 888
79 919 919 81 543 543 457 111 111 889
79.1 919 919 81 543 543 457 111 111 889
79.2 919 919 81 542 542 458 111 111 889
79.3 919 919 81 542 542 458 111 111 889
79.4 919 919 81 542 542 458 110 110 890
79.5 919 919 81 540 540 460 110 110 890
79.6 918 918 82 540 540 460 110 110 890
79.7 918 918 82 540 540 460 109 109 891
79.8 917 917 83 540 540 460 108 108 892
79.9 917 917 83 540 540 460 108 108 892
80 917 917 83 539 539 461 108 108 892
80.1 917 917 83 539 539 461 108 108 892
80.2 917 917 83 539 539 461 108 108 892
80.3 917 917 83 539 539 461 107 107 893
80.4 917 917 83 539 539 461 107 107 893
80.5 915 915 85 538 538 462 107 107 893
80.6 915 915 85 538 538 462 107 107 893
80.7 915 915 85 538 538 462 107 107 893
80.8 915 915 85 538 538 462 107 107 893
80.9 915 915 85 538 538 462 107 107 893
81 915 915 85 538 538 462 107 107 893
81.1 915 915 85 538 538 462 107 107 893
81.2 915 915 85 538 538 462 107 107 893
81.3 915 915 85 537 537 463 107 107 893
81.4 915 915 85 536 536 464 107 107 893
81.5 915 915 85 534 534 466 107 107 893
81.6 914 914 86 533 533 467 107 107 893
81.7 914 914 86 533 533 467 107 107 893
81.8 914 914 86 532 532 468 107 107 893
81.9 914 914 86 532 532 468 107 107 893
82 914 914 86 532 532 468 107 107 893
82.1 914 914 86 532 532 468 107 107 893
82.2 914 914 86 531 531 469 107 107 893
82.3 914 914 86 531 531 469 107 107 893
82.4 914 914 86 531 531 469 106 106 894
82.5 914 914 86 531 531 469 106 106 894
82.6 913 913 87 531 531 469 105 105 895
82.7 913 913 87 530 530 470 105 105 895
82.8 912 912 88 530 530 470 105 105 895
82.9 912 912 88 530 530 470 105 105 895
83 912 912 88 530 530 470 105 105 895
83.1 911 911 89 529 529 471 105 105 895
83.2 911 911 89 529 529 471 105 105 895
83.3 911 911 89 529 529 471 105 105 895
83.4 911 911 89 528 528 472 105 105 895
83.5 911 911 89 528 528 472 105 105 895
83.6 911 911 89 528 528 472 105 105 895
83.7 911 911 89 527 527 473 105 105 895
83.8 911 911 89 527 527 473 105 105 895
83.9 911 911 89 527 527 473 105 105 895
84 910 910 90 527 527 473 105 105 895
84.1 910 910 90 527 527 473 105 105 895
84.2 910 910 90 526 526 474 105 105 895
84.3 909 909 91 526 526 474 105 105 895
84.4 909 909 91 526 526 474 105 105 895
84.5 909 909 91 526 526 474 105 105 895
84.6 909 909 91 526 526 474 105 105 895
84.7 909 909 91 526 526 474 105 105 895
84.8 908 908 92 526 526 474 105 105 895
84.9 908 908 92 526 526 474 105 105 895
85 907 907 93 526 526 474 105 105 895
85.1 907 907 93 525 525 475 105 105 895
85.2 907 907 93 525 525 475 105 105 895
85.3 906 906 94 524 524 476 105 105 895
85.4 906 906 94 524 524 476 104 104 896
85.5 906 906 94 523 523 477 104 104 896
85.6 906 906 94 523 523 477 103 103 897
85.7 906 906 94 523 523 477 103 103 897
85.8 906 906 94 523 523 477 103 103 897
85.9 906 906 94 523 523 477 103 103 897
86 906 906 94 523 523 477 103 103 897
86.1 905 905 95 523 523 477 103 103 897
86.2 904 904 96 522 522 478 103 103 897
86.3 904 904 96 522 522 478 103 103 897
86.4 904 904 96 522 522 478 103 103 897
86.5 904 904 96 522 522 478 103 103 897
86.6 904 904 96 521 521 479 103 103 897
86.7 904 904 96 521 521 479 102 102 898
86.8 904 904 96 521 521 479 102 102 898
86.9 904 904 96 521 521 479 102 102 898
87 904 904 96 520 520 480 102 102 898
87.1 904 904 96 520 520 480 102 102 898
87.2 904 904 96 520 520 480 102 102 898
87.3 904 904 96 520 520 480 102 102 898
87.4 904 904 96 519 519 481 102 102 898
87.5 904 904 96 519 519 481 102 102 898
87.6 904 904 96 519 519 481 102 102 898
87.7 904 904 96 518 518 482 102 102 898
87.8 904 904 96 518 518 482 102 102 898
87.9 904 904 96 518 518 482 102 102 898
88 904 904 96 518 518 482 102 102 898
88.1 904 904 96 517 517 483 102 102 898
88.2 904 904 96 517 517 483 102 102 898
88.3 904 904 96 517 517 483 102 102 898
88.4 904 904 96 516 516 484 101 101 899
88.5 904 904 96 516 516 484 98 98 902
88.6 904 904 96 515 515 485 98 98 902
88.7 904 904 96 515 515 485 98 98 902
88.8 904 904 96 515 515 485 98 98 902
88.9 904 904 96 515 515 485 98 98 902
89 904 904 96 515 515 485 98 98 902
89.1 904 904 96 513 513 487 98 98 902
89.2 904 904 96 513 513 487 97 97 903
89.3 904 904 96 513 513 487 97 97 903
89.4 904 904 96 513 513 487 97 97 903
89.5 904 904 96 512 512 488 97 97 903
89.6 904 904 96 512 512 488 97 97 903
89.7 904 904 96 511 511 489 97 97 903
89.8 904 904 96 511 511 489 97 97 903
89.9 904 904 96 511 511 489 97 97 903
90 904 904 96 511 511 489 97 97 903
90.1 904 904 96 510 510 490 97 97 903
90.2 904 904 96 510 510 490 97 97 903
90.3 904 904 96 510 510 490 97 97 903
90.4 904 904 96 510 510 490 97 97 903
90.5 904 904 96 510 510 490 97 97 903
90.6 904 904 96 510 510 490 97 97 903
90.7 904 904 96 510 510 490 97 97 903
90.8 904 904 96 510 510 490 97 97 903
90.9 904 904 96 510 510 490 97 97 903
91 904 904 96 510 510 490 97 97 903
91.1 904 904 96 510 510 490 96 96 904
91.2 904 904 96 509 509 491 96 96 904
91.3 904 904 96 509 509 491 96 96 904
91.4 904 904 96 509 509 491 96 96 904
91.5 904 904 96 508 508 492 96 96 904
91.6 904 904 96 508 508 492 96 96 904
91.7 904 904 96 507 507 493 96 96 904
91.8 904 904 96 506 506 494 96 96 904
91.9 904 904 96 505 505 495 96 96 904
92 904 904 96 505 505 495 96 96 904
92.1 904 904 96 505 505 495 96 96 904
92.2 904 904 96 505 505 495 96 96 904
92.3 904 904 96 505 505 495 96 96 904
92.4 904 904 96 505 505 495 96 96 904
92.5 904 904 96 504 504 496 95 95 905
92.6 904 904 96 504 504 496 95 95 905
92.7 904 904 96 504 504 496 95 95 905
92.8 904 904 96 504 504 496 95 95 905
92.9 904 904 96 504 504 496 94 94 906
93 903 903 97 504 504 496 93 93 907
93.1 903 903 97 504 504 496 93 93 907
93.2 903 903 97 504 504 496 91 91 909
93.3 903 903 97 503 503 497 91 91 909
93.4 903 903 97 503 503 497 91 91 909
93.5 903 903 97 503 503 497 91 91 909
93.6 903 903 97 502 502 498 91 91 909
93.7 903 903 97 502 502 498 91 91 909
93.8 903 903 97 502 502 498 91 91 909
93.9 903 903 97 502 502 498 91 91 909
94 902 902 98 502 502 498 91 91 909
94.1 902 902 98 500 500 500 91 91 909
94.2 902 902 98 499 499 501 91 91 909
94.3 902 902 98 499 499 501 91 91 909
94.4 901 901 99 499 499 501 91 91 909
94.5 901 901 99 499 499 501 91 91 909
94.6 901 901 99 497 497 503 91 91 909
94.7 901 901 99 497 497 503 91 91 909
94.8 901 901 99 497 497 503 91 91 909
94.9 901 901 99 497 497 503 91 91 909
95 901 901 99 497 497 503 91 91 909
95.1 901 901 99 497 497 503 91 91 909
95.2 901 901 99 497 497 503 91 91 909
95.3 901 901 99 497 497 503 91 91 909
95.4 901 901 99 497 497 503 91 91 909
95.5 901 901 99 497 497 503 91 91 909
95.6 901 901 99 497 497 503 91 91 909
95.7 901 901 99 497 497 503 91 91 909
95.8 901 901 99 496 496 504 91 91 909
95.9 901 901 99 495 495 505 91 91 909
96 901 901 99 494 494 506 90 90 910
96.1 901 901 99 494 494 506 90 90 910
96.2 901 901 99 493 493 507 90 90 910
96.3 900 900 100 493 493 507 90 90 910
96.4 900 900 100 493 493 507 90 90 910
96.5 900 900 100 493 493 507 90 90 910
96.6 900 900 100 493 493 507 90 90 910
96.7 900 900 100 493 493 507 90 90 910
96.8 900 900 100 493 493 507 90 90 910
96.9 900 900 100 492 492 508 90 90 910
97 900 900 100 492 492 508 90 90 910
97.1 900 900 100 491 491 509 90 90 910
97.2 900 900 100 491 491 509 90 90 910
97.3 900 900 100 491 491 509 89 89 911
97.4 900 900 100 491 491 509 89 89 911
97.5 900 900 100 491 491 509 89 89 911
97.6 900 900 100 491 491 509 89 89 911
97.7 900 900 100 491 491 509 89 89 911
97.8 900 900 100 491 491 509 89 89 911
97.9 900 900 100 491 491 509 89 89 911
98 900 900 100 491 491 509 89 89 911
98.1 900 900 100 491 491 509 89 89 911
98.2 900 900 100 491 491 509 89 89 911
98.3 900 900 100 490 490 510 89 89 911
98.4 899 899 101 490 490 510 89 89 911
98.5 899 899 101 490 490 510 89 89 911
98.6 899 899 101 489 489 511 89 89 911
98.7 899 899 101 488 488 512 88 88 912
98.8 899 899 101 488 488 512 88 88 912
98.9 899 899 101 488 488 512 88 88 912
99 899 899 101 487 487 513 88 88 912
99.1 899 899 101 487 487 513 88 88 912
99.2 899 899 101 485 485 515 88 88 912
99.3 899 899 101 485 485 515 88 88 912
99.4 899 899 101 484 484 516 88 88 912
99.5 899 899 101 483 483 517 88 88 912
99.6 899 899 101 483 483 517 88 88 912
99.7 899 899 101 483 483 517 88 88 912
99.8 899 899 101 482 482 518 88 88 912
99.9 898 898 102 481 481 519 88 88 912
100 898 898 102 481 481 519 88 88 912
