0 1000 1000 0
1 976 976 24
2 963 963 37
3 944 944 56
4 918 918 82
5 898 898 102
6 898 898 102
7 889 889 111
8 878 878 122
9 867 867 133
10 862 862 138
11 855 855 145
12 845 845 155
13 833 833 167
14 828 828 172
15 819 819 181
16 806 806 194
17 805 805 195
18 805 805 195
19 805 805 195
20 796 796 204
21 793 793 207
22 797 797 203
23 796 796 204
24 798 798 202
25 802 802 198
26 799 799 201
27 798 798 202
28 795 795 205
29 787 787 213
30 793 793 207
31 789 789 211
32 791 791 209
33 788 788 212
34 785 785 215
35 779 779 221
36 782 782 218
37 783 783 217
38 788 788 212
39 790 790 210
40 793 793 207
41 792 792 208
42 796 796 204
43 788 788 212
44 783 783 217
45 783 783 217
46 789 789 211
47 792 792 208
48 790 790 210
49 790 790 210
50 788 788 212
51 783 783 217
52 769 769 231
53 769 769 231
54 771 771 229
55 773 773 227
56 775 775 225
57 769 769 231
58 767 767 233
59 767 767 233
60 767 767 233
61 768 768 232
62 771 771 229
63 760 760 240
64 766 766 234
65 770 770 230
66 767 767 233
67 766 766 234
68 764 764 236
69 766 766 234
70 769 769 231
71 767 767 233
72 758 758 242
73 759 759 241
74 752 752 248
75 755 755 245
76 759 759 241
77 757 757 243
78 761 761 239
79 755 755 245
80 752 752 248
81 747 747 253
82 750 750 250
83 755 755 245
84 752 752 248
85 749 749 251
86 749 749 251
87 755 755 245
88 760 760 240
89 759 759 241
90 764 764 236
91 760 760 240
92 762 762 238
93 771 771 229
94 756 756 244
95 758 758 242
96 767 767 233
97 760 760 240
98 763 763 237
99 768 768 232
100 755 755 245
101 758 758 242
102 760 760 240
103 763 763 237
104 765 765 235
105 760 760 240
106 757 757 243
107 751 751 249
108 748 748 252
109 750 750 250
110 749 749 251
111 751 751 249
112 760 760 240
113 757 757 243
114 756 756 244
115 754 754 246
116 752 752 248
117 750 750 250
118 755 755 245
119 761 761 239
120 767 767 233
121 769 769 231
122 771 771 229
123 774 774 226
124 770 770 230
125 773 773 227
126 768 768 232
127 762 762 238
128 767 767 233
129 772 772 228
130 770 770 230
131 774 774 226
132 764 764 236
133 761 761 239
134 762 762 238
135 763 763 237
136 758 758 242
137 752 752 248
138 750 750 250
139 740 740 260
140 738 738 262
141 738 738 262
142 740 740 260
143 735 735 265
144 737 737 263
145 737 737 263
146 738 738 262
147 738 738 262
148 746 746 254
149 750 750 250
150 752 752 248
151 757 757 243
152 758 758 242
153 766 766 234
154 761 761 239
155 759 759 241
156 758 758 242
157 751 751 249
158 762 762 238
159 756 756 244
160 766 766 234
161 759 759 241
162 761 761 239
163 761 761 239
164 761 761 239
165 765 765 235
166 752 752 248
167 752 752 248
168 749 749 251
169 751 751 249
170 747 747 253
171 749 749 251
172 745 745 255
173 735 735 265
174 738 738 262
175 738 738 262
176 740 740 260
177 739 739 261
178 752 752 248
179 745 745 255
180 744 744 256
181 754 754 246
182 748 748 252
183 750 750 250
184 745 745 255
185 747 747 253
186 749 749 251
187 752 752 248
188 755 755 245
189 751 751 249
190 756 756 244
191 755 755 245
192 759 759 241
193 754 754 246
194 756 756 244
195 755 755 245
196 755 755 245
197 754 754 246
198 752 752 248
199 748 748 252
200 751 751 249
