0 1000 1000 0
0.1 951 951 49
0.2 942 942 58
0.3 929 929 71
0.4 922 922 78
0.5 916 916 84
0.6 908 908 92
0.7 901 901 99
0.8 897 897 103
0.9 893 893 107
1 889 889 111
1.1 881 881 119
1.2 878 878 122
1.3 875 875 125
1.4 870 870 130
1.5 867 867 133
1.6 860 860 140
1.7 860 860 140
1.8 858 858 142
1.9 849 849 151
2 845 845 155
2.1 839 839 161
2.2 834 834 166
2.3 831 831 169
2.4 824 824 176
2.5 814 814 186
2.6 810 810 190
2.7 809 809 191
2.8 803 803 197
2.9 800 800 200
3 799 799 201
3.1 796 796 204
3.2 796 796 204
3.3 792 792 208
3.4 789 789 211
3.5 789 789 211
3.6 783 783 217
3.7 776 776 224
3.8 773 773 227
3.9 774 774 226
4 773 773 227
4.1 773 773 227
4.2 769 769 231
4.3 768 768 232
4.4 766 766 234
4.5 760 760 240
4.6 759 759 241
4.7 755 755 245
4.8 751 751 249
4.9 752 752 248
5 748 748 252
5.1 746 746 254
5.2 742 742 258
5.3 738 738 262
5.4 737 737 263
5.5 733 733 267
5.6 728 728 272
5.7 728 728 272
5.8 729 729 271
5.9 730 730 270
6 727 727 273
6.1 729 729 271
6.2 730 730 270
6.3 729 729 271
6.4 731 731 269
6.5 731 731 269
6.6 727 727 273
6.7 725 725 275
6.8 726 726 274
6.9 721 721 279
7 721 721 279
7.1 718 718 282
7.2 715 715 285
7.3 714 714 286
7.4 715 715 285
7.5 711 711 289
7.6 706 706 294
7.7 705 705 295
7.8 704 704 296
7.9 701 701 299
8 700 700 300
8.1 702 702 298
8.2 698 698 302
8.3 696 696 304
8.4 696 696 304
8.5 697 697 303
8.6 695 695 305
8.7 694 694 306
8.8 695 695 305
8.9 692 692 308
9 689 689 311
9.1 687 687 313
9.2 688 688 312
9.3 685 685 315
9.4 685 685 315
9.5 683 683 317
9.6 679 679 321
9.7 673 673 327
9.8 673 673 327
9.9 673 673 327
10 668 668 332
10.1 664 664 336
10.2 663 663 337
10.3 658 658 342
10.4 660 660 340
10.5 659 659 341
10.6 657 657 343
10.7 660 660 340
10.8 658 658 342
10.9 657 657 343
11 657 657 343
11.1 659 659 341
11.2 659 659 341
11.3 661 661 339
11.4 659 659 341
11.5 659 659 341
11.6 660 660 340
11.7 656 656 344
11.8 660 660 340
11.9 659 659 341
12 659 659 341
12.1 662 662 338
12.2 661 661 339
12.3 660 660 340
12.4 660 660 340
12.5 661 661 339
12.6 659 659 341
12.7 661 661 339
12.8 660 660 340
12.9 659 659 341
13 657 657 343
13.1 657 657 343
13.2 656 656 344
13.3 657 657 343
13.4 655 655 345
13.5 655 655 345
13.6 658 658 342
13.7 656 656 344
13.8 654 654 346
13.9 653 653 347
14 653 653 347
14.1 657 657 343
14.2 656 656 344
14.3 656 656 344
14.4 656 656 344
14.5 651 651 349
14.6 649 649 351
14.7 650 650 350
14.8 651 651 349
14.9 652 652 348
15 651 651 349
15.1 648 648 352
15.2 648 648 352
15.3 647 647 353
15.4 648 648 352
15.5 644 644 356
15.6 643 643 357
15.7 639 639 361
15.8 638 638 362
15.9 637 637 363
16 635 635 365
16.1 634 634 366
16.2 635 635 365
16.3 632 632 368
16.4 632 632 368
16.5 634 634 366
16.6 635 635 365
16.7 635 635 365
16.8 635 635 365
16.9 636 636 364
17 634 634 366
17.1 636 636 364
17.2 637 637 363
17.3 639 639 361
17.4 640 640 360
17.5 641 641 359
17.6 641 641 359
17.7 641 641 359
17.8 641 641 359
17.9 638 638 362
18 635 635 365
18.1 634 634 366
18.2 634 634 366
18.3 632 632 368
18.4 632 632 368
18.5 632 632 368
18.6 634 634 366
18.7 633 633 367
18.8 635 635 365
18.9 634 634 366
19 633 633 367
19.1 633 633 367
19.2 633 633 367
19.3 636 636 364
19.4 635 635 365
19.5 637 637 363
19.6 635 635 365
19.7 635 635 365
19.8 636 636 364
19.9 638 638 362
20 636 636 364
20.1 636 636 364
20.2 632 632 368
20.3 630 630 370
20.4 626 626 374
20.5 626 626 374
20.6 625 625 375
20.7 623 623 377
20.8 624 624 376
20.9 622 622 378
21 619 619 381
21.1 619 619 381
21.2 623 623 377
21.3 620 620 380
21.4 619 619 381
21.5 618 618 382
21.6 617 617 383
21.7 620 620 380
21.8 613 613 387
21.9 614 614 386
22 613 613 387
22.1 616 616 384
22.2 610 610 390
22.3 610 610 390
22.4 609 609 391
22.5 607 607 393
22.6 608 608 392
22.7 609 609 391
22.8 612 612 388
22.9 612 612 388
23 612 612 388
23.1 612 612 388
23.2 613 613 387
23.3 613 613 387
23.4 610 610 390
23.5 607 607 393
23.6 604 604 396
23.7 606 606 394
23.8 605 605 395
23.9 603 603 397
24 599 599 401
24.1 597 597 403
24.2 595 595 405
24.3 596 596 404
24.4 597 597 403
24.5 598 598 402
24.6 596 596 404
24.7 596 596 404
24.8 594 594 406
24.9 594 594 406
25 593 593 407
25.1 594 594 406
25.2 593 593 407
25.3 590 590 410
25.4 586 586 414
25.5 586 586 414
25.6 587 587 413
25.7 587 587 413
25.8 585 585 415
25.9 586 586 414
26 586 586 414
26.1 587 587 413
26.2 589 589 411
26.3 591 591 409
26.4 589 589 411
26.5 592 592 408
26.6 588 588 412
26.7 589 589 411
26.8 590 590 410
26.9 591 591 409
27 589 589 411
27.1 590 590 410
27.2 591 591 409
27.3 589 589 411
27.4 589 589 411
27.5 590 590 410
27.6 589 589 411
27.7 588 588 412
27.8 584 584 416
27.9 584 584 416
28 586 586 414
28.1 589 589 411
28.2 592 592 408
28.3 592 592 408
28.4 588 588 412
28.5 591 591 409
28.6 593 593 407
28.7 593 593 407
28.8 593 593 407
28.9 591 591 409
29 595 595 405
29.1 594 594 406
29.2 595 595 405
29.3 591 591 409
29.4 594 594 406
29.5 594 594 406
29.6 594 594 406
29.7 593 593 407
29.8 590 590 410
29.9 592 592 408
30 591 591 409
30.1 591 591 409
30.2 596 596 404
30.3 594 594 406
30.4 596 596 404
30.5 597 597 403
30.6 597 597 403
30.7 594 594 406
30.8 596 596 404
30.9 596 596 404
31 594 594 406
31.1 596 596 404
31.2 594 594 406
31.3 594 594 406
31.4 595 595 405
31.5 595 595 405
31.6 594 594 406
31.7 594 594 406
31.8 594 594 406
31.9 596 596 404
32 597 597 403
32.1 598 598 402
32.2 596 596 404
32.3 593 593 407
32.4 592 592 408
32.5 597 597 403
32.6 599 599 401
32.7 599 599 401
32.8 598 598 402
32.9 598 598 402
33 600 600 400
33.1 600 600 400
33.2 601 601 399
33.3 596 596 404
33.4 594 594 406
33.5 593 593 407
33.6 595 595 405
33.7 595 595 405
33.8 595 595 405
33.9 599 599 401
34 597 597 403
34.1 596 596 404
34.2 596 596 404
34.3 595 595 405
34.4 596 596 404
34.5 595 595 405
34.6 592 592 408
34.7 592 592 408
34.8 592 592 408
34.9 592 592 408
35 592 592 408
35.1 593 593 407
35.2 595 595 405
35.3 594 594 406
35.4 591 591 409
35.5 591 591 409
35.6 588 588 412
35.7 588 588 412
35.8 586 586 414
35.9 581 581 419
36 580 580 420
36.1 579 579 421
36.2 577 577 423
36.3 580 580 420
36.4 583 583 417
36.5 584 584 416
36.6 582 582 418
36.7 583 583 417
36.8 582 582 418
36.9 583 583 417
37 580 580 420
37.1 576 576 424
37.2 574 574 426
37.3 574 574 426
37.4 575 575 425
37.5 574 574 426
37.6 577 577 423
37.7 571 571 429
37.8 573 573 427
37.9 574 574 426
38 574 574 426
38.1 576 576 424
38.2 574 574 426
38.3 568 568 432
38.4 569 569 431
38.5 571 571 429
38.6 571 571 429
38.7 569 569 431
38.8 566 566 434
38.9 566 566 434
39 568 568 432
39.1 568 568 432
39.2 568 568 432
39.3 567 567 433
39.4 570 570 430
39.5 574 574 426
39.6 574 574 426
39.7 572 572 428
39.8 571 571 429
39.9 571 571 429
40 571 571 429
40.1 571 571 429
40.2 571 571 429
40.3 572 572 428
40.4 568 568 432
40.5 570 570 430
40.6 571 571 429
40.7 568 568 432
40.8 565 565 435
40.9 567 567 433
41 567 567 433
41.1 568 568 432
41.2 571 571 429
41.3 569 569 431
41.4 571 571 429
41.5 572 572 428
41.6 573 573 427
41.7 574 574 426
41.8 574 574 426
41.9 572 572 428
42 570 570 430
42.1 569 569 431
42.2 568 568 432
42.3 568 568 432
42.4 569 569 431
42.5 568 568 432
42.6 571 571 429
42.7 573 573 427
42.8 574 574 426
42.9 578 578 422
43 580 580 420
43.1 583 583 417
43.2 579 579 421
43.3 577 577 423
43.4 575 575 425
43.5 577 577 423
43.6 576 576 424
43.7 577 577 423
43.8 577 577 423
43.9 578 578 422
44 574 574 426
44.1 577 577 423
44.2 577 577 423
44.3 578 578 422
44.4 580 580 420
44.5 583 583 417
44.6 581 581 419
44.7 582 582 418
44.8 580 580 420
44.9 581 581 419
45 578 578 422
45.1 578 578 422
45.2 578 578 422
45.3 579 579 421
45.4 579 579 421
45.5 579 579 421
45.6 577 577 423
45.7 578 578 422
45.8 581 581 419
45.9 582 582 418
46 585 585 415
46.1 585 585 415
46.2 583 583 417
46.3 582 582 418
46.4 581 581 419
46.5 582 582 418
46.6 578 578 422
46.7 574 574 426
46.8 578 578 422
46.9 578 578 422
47 574 574 426
47.1 572 572 428
47.2 569 569 431
47.3 573 573 427
47.4 575 575 425
47.5 575 575 425
47.6 576 576 424
47.7 582 582 418
47.8 584 584 416
47.9 585 585 415
48 588 588 412
48.1 589 589 411
48.2 589 589 411
48.3 591 591 409
48.4 591 591 409
48.5 591 591 409
48.6 590 590 410
48.7 590 590 410
48.8 593 593 407
48.9 595 595 405
49 593 593 407
49.1 593 593 407
49.2 595 595 405
49.3 593 593 407
49.4 595 595 405
49.5 595 595 405
49.6 593 593 407
49.7 592 592 408
49.8 591 591 409
49.9 590 590 410
50 588 588 412
50.1 589 589 411
50.2 590 590 410
50.3 590 590 410
50.4 589 589 411
50.5 593 593 407
50.6 593 593 407
50.7 592 592 408
50.8 590 590 410
50.9 592 592 408
51 593 593 407
51.1 595 595 405
51.2 597 597 403
51.3 599 599 401
51.4 599 599 401
51.5 598 598 402
51.6 596 596 404
51.7 598 598 402
51.8 594 594 406
51.9 596 596 404
52 599 599 401
52.1 600 600 400
52.2 599 599 401
52.3 597 597 403
52.4 597 597 403
52.5 598 598 402
52.6 597 597 403
52.7 600 600 400
52.8 601 601 399
52.9 599 599 401
53 597 597 403
53.1 597 597 403
53.2 596 596 404
53.3 596 596 404
53.4 594 594 406
53.5 595 595 405
53.6 597 597 403
53.7 596 596 404
53.8 595 595 405
53.9 600 600 400
54 598 598 402
54.1 599 599 401
54.2 596 596 404
54.3 594 594 406
54.4 597 597 403
54.5 596 596 404
54.6 597 597 403
54.7 593 593 407
54.8 594 594 406
54.9 593 593 407
55 593 593 407
55.1 595 595 405
55.2 597 597 403
55.3 601 601 399
55.4 602 602 398
55.5 602 602 398
55.6 600 600 400
55.7 602 602 398
55.8 602 602 398
55.9 601 601 399
56 606 606 394
56.1 606 606 394
56.2 608 608 392
56.3 605 605 395
56.4 605 605 395
56.5 605 605 395
56.6 605 605 395
56.7 605 605 395
56.8 605 605 395
56.9 607 607 393
57 609 609 391
57.1 610 610 390
57.2 611 611 389
57.3 611 611 389
57.4 608 608 392
57.5 607 607 393
57.6 608 608 392
57.7 606 606 394
57.8 603 603 397
57.9 604 604 396
58 604 604 396
58.1 602 602 398
58.2 600 600 400
58.3 596 596 404
58.4 599 599 401
58.5 598 598 402
58.6 598 598 402
58.7 599 599 401
58.8 596 596 404
58.9 597 597 403
59 597 597 403
59.1 593 593 407
59.2 593 593 407
59.3 597 597 403
59.4 598 598 402
59.5 598 598 402
59.6 599 599 401
59.7 597 597 403
59.8 594 594 406
59.9 594 594 406
60 592 592 408
60.1 593 593 407
60.2 592 592 408
60.3 593 593 407
60.4 589 589 411
60.5 587 587 413
60.6 587 587 413
60.7 591 591 409
60.8 591 591 409
60.9 588 588 412
61 587 587 413
61.1 587 587 413
61.2 589 589 411
61.3 590 590 410
61.4 588 588 412
61.5 591 591 409
61.6 591 591 409
61.7 592 592 408
61.8 592 592 408
61.9 588 588 412
62 589 589 411
62.1 590 590 410
62.2 588 588 412
62.3 588 588 412
62.4 592 592 408
62.5 594 594 406
62.6 594 594 406
62.7 591 591 409
62.8 593 593 407
62.9 596 596 404
63 596 596 404
63.1 598 598 402
63.2 600 600 400
63.3 602 602 398
63.4 603 603 397
63.5 606 606 394
63.6 605 605 395
63.7 609 609 391
63.8 605 605 395
63.9 604 604 396
64 603 603 397
64.1 603 603 397
64.2 604 604 396
64.3 604 604 396
64.4 602 602 398
64.5 605 605 395
64.6 607 607 393
64.7 606 606 394
64.8 605 605 395
64.9 604 604 396
65 601 601 399
65.1 601 601 399
65.2 598 598 402
65.3 597 597 403
65.4 598 598 402
65.5 598 598 402
65.6 598 598 402
65.7 598 598 402
65.8 597 597 403
65.9 598 598 402
66 598 598 402
66.1 598 598 402
66.2 598 598 402
66.3 598 598 402
66.4 597 597 403
66.5 597 597 403
66.6 598 598 402
66.7 599 599 401
66.8 602 602 398
66.9 601 601 399
67 602 602 398
67.1 600 600 400
67.2 601 601 399
67.3 601 601 399
67.4 603 603 397
67.5 605 605 395
67.6 609 609 391
67.7 608 608 392
67.8 610 610 390
67.9 612 612 388
68 609 609 391
68.1 609 609 391
68.2 610 610 390
68.3 611 611 389
68.4 612 612 388
68.5 610 610 390
68.6 608 608 392
68.7 605 605 395
68.8 604 604 396
68.9 602 602 398
69 603 603 397
69.1 603 603 397
69.2 605 605 395
69.3 605 605 395
69.4 608 608 392
69.5 607 607 393
69.6 607 607 393
69.7 606 606 394
69.8 605 605 395
69.9 603 603 397
70 604 604 396
70.1 603 603 397
70.2 603 603 397
70.3 605 605 395
70.4 604 604 396
70.5 604 604 396
70.6 604 604 396
70.7 600 600 400
70.8 602 602 398
70.9 607 607 393
71 609 609 391
71.1 610 610 390
71.2 609 609 391
71.3 607 607 393
71.4 611 611 389
71.5 612 612 388
71.6 612 612 388
71.7 614 614 386
71.8 616 616 384
71.9 619 619 381
72 616 616 384
72.1 619 619 381
72.2 617 617 383
72.3 615 615 385
72.4 609 609 391
72.5 608 608 392
72.6 608 608 392
72.7 603 603 397
72.8 602 602 398
72.9 605 605 395
73 607 607 393
73.1 608 608 392
73.2 606 606 394
73.3 603 603 397
73.4 602 602 398
73.5 603 603 397
73.6 603 603 397
73.7 605 605 395
73.8 604 604 396
73.9 604 604 396
74 602 602 398
74.1 602 602 398
74.2 600 600 400
74.3 601 601 399
74.4 601 601 399
74.5 601 601 399
74.6 600 600 400
74.7 599 599 401
74.8 601 601 399
74.9 602 602 398
75 604 604 396
75.1 600 600 400
75.2 598 598 402
75.3 599 599 401
75.4 599 599 401
75.5 601 601 399
75.6 602 602 398
75.7 600 600 400
75.8 599 599 401
75.9 598 598 402
76 600 600 400
76.1 604 604 396
76.2 603 603 397
76.3 601 601 399
76.4 603 603 397
76.5 598 598 402
76.6 599 599 401
76.7 601 601 399
76.8 599 599 401
76.9 602 602 398
77 601 601 399
77.1 599 599 401
77.2 599 599 401
77.3 595 595 405
77.4 596 596 404
77.5 598 598 402
77.6 597 597 403
77.7 596 596 404
77.8 595 595 405
77.9 594 594 406
78 594 594 406
78.1 593 593 407
78.2 591 591 409
78.3 592 592 408
78.4 592 592 408
78.5 593 593 407
78.6 593 593 407
78.7 593 593 407
78.8 591 591 409
78.9 589 589 411
79 589 589 411
79.1 586 586 414
79.2 587 587 413
79.3 585 585 415
79.4 583 583 417
79.5 581 581 419
79.6 581 581 419
79.7 581 581 419
79.8 583 583 417
79.9 582 582 418
80 582 582 418
80.1 583 583 417
80.2 580 580 420
80.3 576 576 424
80.4 573 573 427
80.5 573 573 427
80.6 572 572 428
80.7 573 573 427
80.8 570 570 430
80.9 569 569 431
81 570 570 430
81.1 567 567 433
81.2 567 567 433
81.3 567 567 433
81.4 567 567 433
81.5 567 567 433
81.6 566 566 434
81.7 565 565 435
81.8 566 566 434
81.9 566 566 434
82 565 565 435
82.1 561 561 439
82.2 560 560 440
82.3 558 558 442
82.4 559 559 441
82.5 560 560 440
82.6 557 557 443
82.7 558 558 442
82.8 560 560 440
82.9 558 558 442
83 563 563 437
83.1 561 561 439
83.2 563 563 437
83.3 564 564 436
83.4 563 563 437
83.5 563 563 437
83.6 566 566 434
83.7 563 563 437
83.8 563 563 437
83.9 562 562 438
84 562 562 438
84.1 561 561 439
84.2 563 563 437
84.3 565 565 435
84.4 565 565 435
84.5 566 566 434
84.6 566 566 434
84.7 569 569 431
84.8 563 563 437
84.9 561 561 439
85 561 561 439
85.1 561 561 439
85.2 563 563 437
85.3 561 561 439
85.4 559 559 441
85.5 558 558 442
85.6 561 561 439
85.7 561 561 439
85.8 560 560 440
85.9 559 559 441
86 560 560 440
86.1 562 562 438
86.2 569 569 431
86.3 567 567 433
86.4 568 568 432
86.5 567 567 433
86.6 571 571 429
86.7 575 575 425
86.8 576 576 424
86.9 576 576 424
87 578 578 422
87.1 578 578 422
87.2 578 578 422
87.3 579 579 421
87.4 581 581 419
87.5 581 581 419
87.6 582 582 418
87.7 585 585 415
87.8 586 586 414
87.9 585 585 415
88 586 586 414
88.1 582 582 418
88.2 583 583 417
88.3 584 584 416
88.4 582 582 418
88.5 584 584 416
88.6 587 587 413
88.7 588 588 412
88.8 586 586 414
88.9 582 582 418
89 581 581 419
89.1 583 583 417
89.2 580 580 420
89.3 580 580 420
89.4 578 578 422
89.5 577 577 423
89.6 579 579 421
89.7 577 577 423
89.8 579 579 421
89.9 578 578 422
90 578 578 422
90.1 579 579 421
90.2 578 578 422
90.3 580 580 420
90.4 584 584 416
90.5 584 584 416
90.6 582 582 418
90.7 582 582 418
90.8 582 582 418
90.9 581 581 419
91 581 581 419
91.1 580 580 420
91.2 580 580 420
91.3 581 581 419
91.4 581 581 419
91.5 581 581 419
91.6 583 583 417
91.7 581 581 419
91.8 581 581 419
91.9 581 581 419
92 582 582 418
92.1 580 580 420
92.2 582 582 418
92.3 584 584 416
92.4 583 583 417
92.5 586 586 414
92.6 584 584 416
92.7 584 584 416
92.8 581 581 419
92.9 579 579 421
93 582 582 418
93.1 584 584 416
93.2 585 585 415
93.3 585 585 415
93.4 584 584 416
93.5 584 584 416
93.6 583 583 417
93.7 584 584 416
93.8 585 585 415
93.9 585 585 415
94 586 586 414
94.1 586 586 414
94.2 587 587 413
94.3 587 587 413
94.4 589 589 411
94.5 591 591 409
94.6 589 589 411
94.7 593 593 407
94.8 593 593 407
94.9 593 593 407
95 595 595 405
95.1 593 593 407
95.2 590 590 410
95.3 592 592 408
95.4 590 590 410
95.5 589 589 411
95.6 592 592 408
95.7 593 593 407
95.8 591 591 409
95.9 589 589 411
96 587 587 413
96.1 586 586 414
96.2 583 583 417
96.3 583 583 417
96.4 584 584 416
96.5 588 588 412
96.6 588 588 412
96.7 589 589 411
96.8 591 591 409
96.9 592 592 408
97 592 592 408
97.1 593 593 407
97.2 591 591 409
97.3 591 591 409
97.4 589 589 411
97.5 588 588 412
97.6 588 588 412
97.7 582 582 418
97.8 585 585 415
97.9 585 585 415
98 583 583 417
98.1 581 581 419
98.2 582 582 418
98.3 583 583 417
98.4 584 584 416
98.5 583 583 417
98.6 582 582 418
98.7 582 582 418
98.8 581 581 419
98.9 579 579 421
99 579 579 421
99.1 580 580 420
99.2 582 582 418
99.3 578 578 422
99.4 580 580 420
99.5 579 579 421
99.6 578 578 422
99.7 577 577 423
99.8 581 581 419
99.9 581 581 419
100 581 581 419
100.1 581 581 419
100.2 582 582 418
100.3 580 580 420
100.4 582 582 418
100.5 582 582 418
100.6 583 583 417
100.7 582 582 418
100.8 579 579 421
100.9 576 576 424
101 579 579 421
101.1 577 577 423
101.2 578 578 422
101.3 579 579 421
101.4 581 581 419
101.5 581 581 419
101.6 576 576 424
101.7 575 575 425
101.8 572 572 428
101.9 571 571 429
102 573 573 427
102.1 573 573 427
102.2 577 577 423
102.3 579 579 421
102.4 575 575 425
102.5 577 577 423
102.6 579 579 421
102.7 582 582 418
102.8 585 585 415
102.9 585 585 415
103 585 585 415
103.1 584 584 416
103.2 584 584 416
103.3 584 584 416
103.4 586 586 414
103.5 585 585 415
103.6 585 585 415
103.7 587 587 413
103.8 587 587 413
103.9 587 587 413
104 585 585 415
104.1 585 585 415
104.2 585 585 415
104.3 586 586 414
104.4 583 583 417
104.5 585 585 415
104.6 584 584 416
104.7 584 584 416
104.8 586 586 414
104.9 585 585 415
105 586 586 414
105.1 585 585 415
105.2 585 585 415
105.3 584 584 416
105.4 584 584 416
105.5 580 580 420
105.6 582 582 418
105.7 583 583 417
105.8 586 586 414
105.9 585 585 415
106 583 583 417
106.1 586 586 414
106.2 585 585 415
106.3 588 588 412
106.4 590 590 410
106.5 591 591 409
106.6 588 588 412
106.7 587 587 413
106.8 589 589 411
106.9 587 587 413
107 586 586 414
107.1 586 586 414
107.2 587 587 413
107.3 586 586 414
107.4 588 588 412
107.5 589 589 411
107.6 592 592 408
107.7 596 596 404
107.8 597 597 403
107.9 598 598 402
108 593 593 407
108.1 593 593 407
108.2 592 592 408
108.3 595 595 405
108.4 595 595 405
108.5 595 595 405
108.6 593 593 407
108.7 595 595 405
108.8 595 595 405
108.9 593 593 407
109 595 595 405
109.1 597 597 403
109.2 594 594 406
109.3 591 591 409
109.4 590 590 410
109.5 589 589 411
109.6 588 588 412
109.7 591 591 409
109.8 590 590 410
109.9 591 591 409
110 591 591 409
110.1 592 592 408
110.2 594 594 406
110.3 589 589 411
110.4 589 589 411
110.5 592 592 408
110.6 598 598 402
110.7 596 596 404
110.8 598 598 402
110.9 599 599 401
111 594 594 406
111.1 592 592 408
111.2 592 592 408
111.3 592 592 408
111.4 594 594 406
111.5 592 592 408
111.6 591 591 409
111.7 590 590 410
111.8 592 592 408
111.9 590 590 410
112 589 589 411
112.1 591 591 409
112.2 590 590 410
112.3 591 591 409
112.4 590 590 410
112.5 586 586 414
112.6 590 590 410
112.7 591 591 409
112.8 591 591 409
112.9 590 590 410
113 588 588 412
113.1 587 587 413
113.2 587 587 413
113.3 585 585 415
113.4 582 582 418
113.5 582 582 418
113.6 584 584 416
113.7 582 582 418
113.8 584 584 416
113.9 582 582 418
114 583 583 417
114.1 583 583 417
114.2 583 583 417
114.3 583 583 417
114.4 582 582 418
114.5 584 584 416
114.6 592 592 408
114.7 592 592 408
114.8 593 593 407
114.9 592 592 408
115 593 593 407
115.1 594 594 406
115.2 593 593 407
115.3 593 593 407
115.4 592 592 408
115.5 592 592 408
115.6 593 593 407
115.7 592 592 408
115.8 593 593 407
115.9 594 594 406
116 595 595 405
116.1 593 593 407
116.2 592 592 408
116.3 591 591 409
116.4 592 592 408
116.5 590 590 410
116.6 594 594 406
116.7 592 592 408
116.8 593 593 407
116.9 592 592 408
117 593 593 407
117.1 595 595 405
117.2 593 593 407
117.3 593 593 407
117.4 594 594 406
117.5 594 594 406
117.6 593 593 407
117.7 595 595 405
117.8 591 591 409
117.9 590 590 410
118 590 590 410
118.1 590 590 410
118.2 592 592 408
118.3 592 592 408
118.4 591 591 409
118.5 590 590 410
118.6 588 588 412
118.7 585 585 415
118.8 582 582 418
118.9 584 584 416
119 583 583 417
119.1 585 585 415
119.2 586 586 414
119.3 588 588 412
119.4 588 588 412
119.5 586 586 414
119.6 587 587 413
119.7 588 588 412
119.8 586 586 414
119.9 583 583 417
120 585 585 415
120.1 583 583 417
120.2 583 583 417
120.3 584 584 416
120.4 584 584 416
120.5 586 586 414
120.6 589 589 411
120.7 589 589 411
120.8 589 589 411
120.9 590 590 410
121 589 589 411
121.1 593 593 407
121.2 593 593 407
121.3 593 593 407
121.4 594 594 406
121.5 595 595 405
121.6 593 593 407
121.7 587 587 413
121.8 588 588 412
121.9 589 589 411
122 591 591 409
122.1 590 590 410
122.2 592 592 408
122.3 591 591 409
122.4 589 589 411
122.5 589 589 411
122.6 588 588 412
122.7 588 588 412
122.8 586 586 414
122.9 584 584 416
123 585 585 415
123.1 587 587 413
123.2 583 583 417
123.3 586 586 414
123.4 585 585 415
123.5 583 583 417
123.6 583 583 417
123.7 585 585 415
123.8 585 585 415
123.9 585 585 415
124 587 587 413
124.1 587 587 413
124.2 588 588 412
124.3 586 586 414
124.4 585 585 415
124.5 586 586 414
124.6 586 586 414
124.7 587 587 413
124.8 586 586 414
124.9 588 588 412
125 588 588 412
125.1 587 587 413
125.2 587 587 413
125.3 589 589 411
125.4 590 590 410
125.5 590 590 410
125.6 592 592 408
125.7 592 592 408
125.8 590 590 410
125.9 592 592 408
126 594 594 406
126.1 594 594 406
126.2 595 595 405
126.3 598 598 402
126.4 599 599 401
126.5 603 603 397
126.6 601 601 399
126.7 603 603 397
126.8 602 602 398
126.9 601 601 399
127 601 601 399
127.1 599 599 401
127.2 597 597 403
127.3 599 599 401
127.4 600 600 400
127.5 600 600 400
127.6 601 601 399
127.7 602 602 398
127.8 602 602 398
127.9 602 602 398
128 604 604 396
128.1 603 603 397
128.2 604 604 396
128.3 601 601 399
128.4 603 603 397
128.5 600 600 400
128.6 598 598 402
128.7 593 593 407
128.8 591 591 409
128.9 589 589 411
129 592 592 408
129.1 595 595 405
129.2 594 594 406
129.3 593 593 407
129.4 591 591 409
129.5 591 591 409
129.6 592 592 408
129.7 591 591 409
129.8 589 589 411
129.9 592 592 408
130 589 589 411
130.1 586 586 414
130.2 588 588 412
130.3 587 587 413
130.4 587 587 413
130.5 587 587 413
130.6 584 584 416
130.7 585 585 415
130.8 586 586 414
130.9 584 584 416
131 582 582 418
131.1 586 586 414
131.2 587 587 413
131.3 590 590 410
131.4 582 582 418
131.5 579 579 421
131.6 579 579 421
131.7 580 580 420
131.8 583 583 417
131.9 585 585 415
132 584 584 416
132.1 583 583 417
132.2 582 582 418
132.3 582 582 418
132.4 584 584 416
132.5 586 586 414
132.6 588 588 412
132.7 588 588 412
132.8 590 590 410
132.9 591 591 409
133 589 589 411
133.1 589 589 411
133.2 587 587 413
133.3 585 585 415
133.4 587 587 413
133.5 588 588 412
133.6 587 587 413
133.7 583 583 417
133.8 583 583 417
133.9 584 584 416
134 581 581 419
134.1 581 581 419
134.2 580 580 420
134.3 581 581 419
134.4 581 581 419
134.5 583 583 417
134.6 583 583 417
134.7 581 581 419
134.8 585 585 415
134.9 585 585 415
135 586 586 414
135.1 588 588 412
135.2 588 588 412
135.3 590 590 410
135.4 592 592 408
135.5 594 594 406
135.6 593 593 407
135.7 595 595 405
135.8 593 593 407
135.9 592 592 408
136 595 595 405
136.1 592 592 408
136.2 590 590 410
136.3 591 591 409
136.4 592 592 408
136.5 593 593 407
136.6 592 592 408
136.7 594 594 406
136.8 591 591 409
136.9 595 595 405
137 596 596 404
137.1 601 601 399
137.2 597 597 403
137.3 598 598 402
137.4 600 600 400
137.5 600 600 400
137.6 599 599 401
137.7 599 599 401
137.8 599 599 401
137.9 601 601 399
138 603 603 397
138.1 604 604 396
138.2 602 602 398
138.3 600 600 400
138.4 603 603 397
138.5 603 603 397
138.6 602 602 398
138.7 605 605 395
138.8 608 608 392
138.9 607 607 393
139 606 606 394
139.1 607 607 393
139.2 613 613 387
139.3 612 612 388
139.4 612 612 388
139.5 611 611 389
139.6 615 615 385
139.7 615 615 385
139.8 616 616 384
139.9 615 615 385
140 617 617 383
140.1 617 617 383
140.2 616 616 384
140.3 616 616 384
140.4 613 613 387
140.5 615 615 385
140.6 615 615 385
140.7 615 615 385
140.8 615 615 385
140.9 613 613 387
141 611 611 389
141.1 615 615 385
141.2 613 613 387
141.3 613 613 387
141.4 617 617 383
141.5 618 618 382
141.6 617 617 383
141.7 616 616 384
141.8 613 613 387
141.9 613 613 387
142 611 611 389
142.1 610 610 390
142.2 615 615 385
142.3 612 612 388
142.4 610 610 390
142.5 608 608 392
142.6 606 606 394
142.7 606 606 394
142.8 605 605 395
142.9 605 605 395
143 605 605 395
143.1 605 605 395
143.2 602 602 398
143.3 602 602 398
143.4 601 601 399
143.5 603 603 397
143.6 603 603 397
143.7 606 606 394
143.8 608 608 392
143.9 611 611 389
144 610 610 390
144.1 609 609 391
144.2 609 609 391
144.3 610 610 390
144.4 611 611 389
144.5 611 611 389
144.6 613 613 387
144.7 612 612 388
144.8 613 613 387
144.9 613 613 387
145 613 613 387
145.1 610 610 390
145.2 605 605 395
145.3 606 606 394
145.4 607 607 393
145.5 610 610 390
145.6 612 612 388
145.7 612 612 388
145.8 611 611 389
145.9 609 609 391
146 611 611 389
146.1 610 610 390
146.2 609 609 391
146.3 608 608 392
146.4 607 607 393
146.5 606 606 394
146.6 603 603 397
146.7 604 604 396
146.8 602 602 398
146.9 605 605 395
147 607 607 393
147.1 608 608 392
147.2 608 608 392
147.3 606 606 394
147.4 606 606 394
147.5 606 606 394
147.6 610 610 390
147.7 608 608 392
147.8 607 607 393
147.9 608 608 392
148 604 604 396
148.1 604 604 396
148.2 605 605 395
148.3 609 609 391
148.4 608 608 392
148.5 605 605 395
148.6 607 607 393
148.7 605 605 395
148.8 605 605 395
148.9 604 604 396
149 604 604 396
149.1 603 603 397
149.2 602 602 398
149.3 603 603 397
149.4 604 604 396
149.5 601 601 399
149.6 601 601 399
149.7 600 600 400
149.8 599 599 401
149.9 604 604 396
150 600 600 400
150.1 600 600 400
150.2 601 601 399
150.3 601 601 399
150.4 601 601 399
150.5 605 605 395
150.6 604 604 396
150.7 606 606 394
150.8 610 610 390
150.9 610 610 390
151 606 606 394
151.1 607 607 393
151.2 605 605 395
151.3 605 605 395
151.4 606 606 394
151.5 606 606 394
151.6 607 607 393
151.7 604 604 396
151.8 604 604 396
151.9 606 606 394
152 606 606 394
152.1 605 605 395
152.2 601 601 399
152.3 599 599 401
152.4 601 601 399
152.5 595 595 405
152.6 594 594 406
152.7 595 595 405
152.8 594 594 406
152.9 595 595 405
153 594 594 406
153.1 591 591 409
153.2 589 589 411
153.3 589 589 411
153.4 587 587 413
153.5 585 585 415
153.6 589 589 411
153.7 589 589 411
153.8 588 588 412
153.9 593 593 407
154 591 591 409
154.1 593 593 407
154.2 590 590 410
154.3 591 591 409
154.4 593 593 407
154.5 592 592 408
154.6 591 591 409
154.7 588 588 412
154.8 590 590 410
154.9 588 588 412
155 589 589 411
155.1 589 589 411
155.2 586 586 414
155.3 587 587 413
155.4 585 585 415
155.5 586 586 414
155.6 587 587 413
155.7 587 587 413
155.8 586 586 414
155.9 586 586 414
156 584 584 416
156.1 585 585 415
156.2 584 584 416
156.3 587 587 413
156.4 588 588 412
156.5 590 590 410
156.6 596 596 404
156.7 595 595 405
156.8 598 598 402
156.9 597 597 403
157 599 599 401
157.1 597 597 403
157.2 597 597 403
157.3 600 600 400
157.4 597 597 403
157.5 595 595 405
157.6 593 593 407
157.7 593 593 407
157.8 594 594 406
157.9 594 594 406
158 594 594 406
158.1 594 594 406
158.2 592 592 408
158.3 591 591 409
158.4 591 591 409
158.5 590 590 410
158.6 593 593 407
158.7 594 594 406
158.8 597 597 403
158.9 597 597 403
159 594 594 406
159.1 597 597 403
159.2 596 596 404
159.3 594 594 406
159.4 595 595 405
159.5 595 595 405
159.6 593 593 407
159.7 594 594 406
159.8 593 593 407
159.9 594 594 406
160 595 595 405
160.1 597 597 403
160.2 597 597 403
160.3 598 598 402
160.4 597 597 403
160.5 594 594 406
160.6 594 594 406
160.7 594 594 406
160.8 594 594 406
160.9 594 594 406
161 593 593 407
161.1 593 593 407
161.2 591 591 409
161.3 590 590 410
161.4 590 590 410
161.5 591 591 409
161.6 592 592 408
161.7 592 592 408
161.8 595 595 405
161.9 596 596 404
162 597 597 403
162.1 594 594 406
162.2 593 593 407
162.3 596 596 404
162.4 597 597 403
162.5 599 599 401
162.6 600 600 400
162.7 599 599 401
162.8 596 596 404
162.9 600 600 400
163 599 599 401
163.1 598 598 402
163.2 601 601 399
163.3 600 600 400
163.4 599 599 401
163.5 597 597 403
163.6 598 598 402
163.7 593 593 407
163.8 594 594 406
163.9 593 593 407
164 591 591 409
164.1 590 590 410
164.2 591 591 409
164.3 588 588 412
164.4 589 589 411
164.5 590 590 410
164.6 590 590 410
164.7 589 589 411
164.8 585 585 415
164.9 581 581 419
165 580 580 420
165.1 583 583 417
165.2 581 581 419
165.3 581 581 419
165.4 578 578 422
165.5 576 576 424
165.6 576 576 424
165.7 575 575 425
165.8 576 576 424
165.9 578 578 422
166 576 576 424
166.1 579 579 421
166.2 579 579 421
166.3 581 581 419
166.4 578 578 422
166.5 577 577 423
166.6 579 579 421
166.7 578 578 422
166.8 577 577 423
166.9 571 571 429
167 570 570 430
167.1 569 569 431
167.2 567 567 433
167.3 566 566 434
167.4 565 565 435
167.5 566 566 434
167.6 567 567 433
167.7 568 568 432
167.8 568 568 432
167.9 568 568 432
168 569 569 431
168.1 568 568 432
168.2 569 569 431
168.3 576 576 424
168.4 576 576 424
168.5 576 576 424
168.6 575 575 425
168.7 575 575 425
168.8 574 574 426
168.9 574 574 426
169 571 571 429
169.1 572 572 428
169.2 575 575 425
169.3 575 575 425
169.4 574 574 426
169.5 574 574 426
169.6 574 574 426
169.7 575 575 425
169.8 571 571 429
169.9 573 573 427
170 571 571 429
170.1 571 571 429
170.2 572 572 428
170.3 572 572 428
170.4 572 572 428
170.5 573 573 427
170.6 574 574 426
170.7 574 574 426
170.8 577 577 423
170.9 577 577 423
171 578 578 422
171.1 579 579 421
171.2 580 580 420
171.3 582 582 418
171.4 581 581 419
171.5 578 578 422
171.6 575 575 425
171.7 576 576 424
171.8 578 578 422
171.9 579 579 421
172 578 578 422
172.1 576 576 424
172.2 576 576 424
172.3 576 576 424
172.4 579 579 421
172.5 580 580 420
172.6 579 579 421
172.7 578 578 422
172.8 581 581 419
172.9 578 578 422
173 578 578 422
173.1 577 577 423
173.2 575 575 425
173.3 576 576 424
173.4 578 578 422
173.5 579 579 421
173.6 579 579 421
173.7 580 580 420
173.8 578 578 422
173.9 576 576 424
174 574 574 426
174.1 573 573 427
174.2 571 571 429
174.3 572 572 428
174.4 571 571 429
174.5 570 570 430
174.6 571 571 429
174.7 570 570 430
174.8 569 569 431
174.9 568 568 432
175 566 566 434
175.1 566 566 434
175.2 567 567 433
175.3 564 564 436
175.4 564 564 436
175.5 566 566 434
175.6 567 567 433
175.7 566 566 434
175.8 570 570 430
175.9 571 571 429
176 571 571 429
176.1 571 571 429
176.2 572 572 428
176.3 572 572 428
176.4 573 573 427
176.5 578 578 422
176.6 579 579 421
176.7 582 582 418
176.8 582 582 418
176.9 583 583 417
177 583 583 417
177.1 580 580 420
177.2 582 582 418
177.3 582 582 418
177.4 579 579 421
177.5 578 578 422
177.6 579 579 421
177.7 575 575 425
177.8 571 571 429
177.9 572 572 428
178 574 574 426
178.1 573 573 427
178.2 571 571 429
178.3 573 573 427
178.4 574 574 426
178.5 576 576 424
178.6 576 576 424
178.7 577 577 423
178.8 574 574 426
178.9 574 574 426
179 573 573 427
179.1 575 575 425
179.2 574 574 426
179.3 572 572 428
179.4 567 567 433
179.5 568 568 432
179.6 571 571 429
179.7 573 573 427
179.8 574 574 426
179.9 577 577 423
180 579 579 421
180.1 580 580 420
180.2 577 577 423
180.3 575 575 425
180.4 576 576 424
180.5 576 576 424
180.6 572 572 428
180.7 575 575 425
180.8 574 574 426
180.9 572 572 428
181 574 574 426
181.1 572 572 428
181.2 576 576 424
181.3 575 575 425
181.4 573 573 427
181.5 572 572 428
181.6 574 574 426
181.7 574 574 426
181.8 569 569 431
181.9 568 568 432
182 569 569 431
182.1 566 566 434
182.2 567 567 433
182.3 568 568 432
182.4 568 568 432
182.5 568 568 432
182.6 566 566 434
182.7 566 566 434
182.8 567 567 433
182.9 567 567 433
183 567 567 433
183.1 568 568 432
183.2 571 571 429
183.3 573 573 427
183.4 573 573 427
183.5 571 571 429
183.6 569 569 431
183.7 571 571 429
183.8 573 573 427
183.9 573 573 427
184 574 574 426
184.1 578 578 422
184.2 578 578 422
184.3 578 578 422
184.4 577 577 423
184.5 580 580 420
184.6 584 584 416
184.7 583 583 417
184.8 585 585 415
184.9 585 585 415
185 585 585 415
185.1 584 584 416
185.2 583 583 417
185.3 583 583 417
185.4 583 583 417
185.5 581 581 419
185.6 581 581 419
185.7 581 581 419
185.8 582 582 418
185.9 586 586 414
186 585 585 415
186.1 585 585 415
186.2 585 585 415
186.3 585 585 415
186.4 587 587 413
186.5 588 588 412
186.6 588 588 412
186.7 587 587 413
186.8 587 587 413
186.9 584 584 416
187 583 583 417
187.1 580 580 420
187.2 581 581 419
187.3 584 584 416
187.4 585 585 415
187.5 585 585 415
187.6 586 586 414
187.7 588 588 412
187.8 588 588 412
187.9 591 591 409
188 590 590 410
188.1 592 592 408
188.2 592 592 408
188.3 589 589 411
188.4 590 590 410
188.5 590 590 410
188.6 593 593 407
188.7 591 591 409
188.8 592 592 408
188.9 592 592 408
189 589 589 411
189.1 587 587 413
189.2 591 591 409
189.3 593 593 407
189.4 593 593 407
189.5 592 592 408
189.6 590 590 410
189.7 588 588 412
189.8 593 593 407
189.9 595 595 405
190 594 594 406
190.1 593 593 407
190.2 594 594 406
190.3 595 595 405
190.4 594 594 406
190.5 592 592 408
190.6 591 591 409
190.7 591 591 409
190.8 592 592 408
190.9 592 592 408
191 591 591 409
191.1 592 592 408
191.2 592 592 408
191.3 590 590 410
191.4 589 589 411
191.5 587 587 413
191.6 589 589 411
191.7 589 589 411
191.8 591 591 409
191.9 592 592 408
192 587 587 413
192.1 592 592 408
192.2 591 591 409
192.3 588 588 412
192.4 589 589 411
192.5 586 586 414
192.6 584 584 416
192.7 583 583 417
192.8 586 586 414
192.9 587 587 413
193 585 585 415
193.1 585 585 415
193.2 584 584 416
193.3 586 586 414
193.4 589 589 411
193.5 591 591 409
193.6 592 592 408
193.7 594 594 406
193.8 595 595 405
193.9 594 594 406
194 596 596 404
194.1 597 597 403
194.2 595 595 405
194.3 595 595 405
194.4 595 595 405
194.5 596 596 404
194.6 598 598 402
194.7 601 601 399
194.8 601 601 399
194.9 599 599 401
195 596 596 404
195.1 592 592 408
195.2 591 591 409
195.3 594 594 406
195.4 594 594 406
195.5 598 598 402
195.6 599 599 401
195.7 599 599 401
195.8 598 598 402
195.9 600 600 400
196 598 598 402
196.1 599 599 401
196.2 600 600 400
196.3 601 601 399
196.4 602 602 398
196.5 606 606 394
196.6 600 600 400
196.7 605 605 395
196.8 602 602 398
196.9 605 605 395
197 607 607 393
197.1 605 605 395
197.2 605 605 395
197.3 608 608 392
197.4 607 607 393
197.5 607 607 393
197.6 608 608 392
197.7 605 605 395
197.8 604 604 396
197.9 602 602 398
198 598 598 402
198.1 598 598 402
198.2 599 599 401
198.3 602 602 398
198.4 602 602 398
198.5 603 603 397
198.6 603 603 397
198.7 606 606 394
198.8 606 606 394
198.9 606 606 394
199 609 609 391
199.1 608 608 392
199.2 609 609 391
199.3 609 609 391
199.4 611 611 389
199.5 610 610 390
199.6 608 608 392
199.7 604 604 396
199.8 609 609 391
199.9 608 608 392
200 609 609 391
